27.416
48
48.0192
48.9476
56.4972
65.9134
65.1201
67.4916
71.6332
75.3683
76.8246
77.0599
81.9432
86.7553
83.4637
87.7193
88.1705
85.24
89.6459
90.0129
90.2564
92
93.6585
96.0061
95.9764
97.4377
97.3405
96.6506
99.3377
97.8999
99.7351
98.434
100.103
101.789
100.46
100.9
100.769
102.875
101.061
98.8905
102.339
103.192
104.563
104.348
103.662
104.456
103.784
104.522
105.742
105.046
106.209
104.249
106.226
105.586
107.085
106.912
106.256
107.282
107.469
106.858
107.424
107.997
108.557
109.106
108.135
107.553
108.082
108.593
108.401
108.896
108.027
109.857
108.96
109.761
109.542
109.344
109.152
110.243
111.304
108.608
110.871
110.365
111.376
115.599
140.914
142.041
140.777
142.869
143.039
140.91
142.913
142.158
141.438
142.045
141.75
142.396
142.545
141.429
142.015
141.338
143.581
143.714
143.448
143.58
144.149
143.866
143.598
141.018
144.661
142.848
143.36
144.631
143.595
136.636
143.858
145.107
143.387
143.885
145.817
145.941
143.893
143.624
145.857
145.994
145.387
144.13
145.935
145.689
146.471
145.888
144.658
146.427
145.526
144.64
147.019
144.203
145.263
145.672
144.83
146.175
146.264
145.436
145.845
146.221
145.404
145.775
145.877
146.258
146.628
146.73
146.478
147.477
147.27
147.626
146.534
146.326
145.014
146.2
148.265
147.483
146.434
147.079
147.974
145.317
147.281
146.273
189.296
186.483
187.586
186.559
187.211
187.017
188.956
188.344
186.896
188.81
187.368
188.421
187.422
188.876
187.465
188.097
187.106
189.744
187.964
188.975
188.405
189.398
187.275
187.872
186.562
188.661
185.132
189.109
187.784
189.496
188.562
188.778
188.59
189.168
189.006
188.111
187.586
187.429
185.853
187.832
189.091
184.417
188.764
188.258
188.102
187.599
188.48
187.978
188.844
188.352
187.874
188.387
188.574
189.091
188.952
189.119
190.306
188.806
187.676
188.828
189.016
187.252
189.036
188.579
188.434
189.879
186.269
189.907
190.062
188.649
190.728
189.615
189.783
189.644
189.804
190.282
190.446
190.284
189.844
187.89
189.255
190.309
190.781
189.441
190.483
189.456
191.1
190.362
190.519
189.493
190.223
189.806
189.954
191.265
190.545
190.407
191.7
189.577
190.845
189.308
189.735
189.885
190.577
189.902
190.603
190.47
189.508
190.483
190.891
188.589
190.352
230.912
231.319
230.953
230.977
231.408
232.235
232.255
232.284
231.91
231.548
231.2
231.62
230.87
232.438
230.936
231.733
231.373
231.395
231.056
231.834
230.009
231.517
232.28
231.942
233.077
233.093
232.019
232.77
231.698
231.353
232.104
232.497
231.089
232.549
231.843
231.521
233.333
231.57
233.38
231.256
232.702
232.381
231.685
233.139
233.146
232.125
232.143
232.161
181.038
230.848
232.23
232.255
231.947
230.62
231.314
233.037
231.698
232.389
231.758
234.121
232.128
233.132
232.503
232.527
232.874
233.22
233.566
231.632
233.277
232.979
232.674
232.388
232.066
232.09
232.122
232.451
230.273
233.443
232.52
232.838
233.488
231.951
233.536
231.992
233.246
232.953
232.677
233.017
233.001
233.34
232.127
233.38
233.701
232.493
272.094
272.823
272.311
273.047
272.104
270.803
272.329
271.022
273.412
270.845
271.949
271.062
271.356
271.678
272.363
273.086
272.963
274.088
273.963
272.705
271.812
270.921
271.263
269.635
270.289
273.728
272.42
273.103
272.65
272.931
273.211
271.597
273.418
273.309
272.086
272.009
273.049
271.802
272.104
273.918
272.67
273.701
272.149
273.145
273.829
272.989
272.893
273.171
273.457
273.007
272.175
273.548
272.724
271.554
274.386
273.929
273.457
272.635
273.633
274.277
272.045
274.458
274.379
272.858
273.125
274.11
272.612
273.224
272.449
272
272.255
273.231
272.805
273.418
274.031
272.88
274.19
273.083
272.994
273.591
273.857
273.428
272.308
227.046
272.153
269.412
273.353
274.283
272.838
273.778
273.019
271.925
272.855
272.435
273.371
272.942
271.224
273.121
272.719
273.631
274.537
313.388
314.935
315.138
312.387
315.584
314.098
312.683
252.315
312.217
314.126
315.227
314.598
315.236
314.194
314.423
315.902
314.87
314.663
314.87
315.52
314.92
314.685
315.331
315.546
314.106
315.543
314.98
315.164
314.556
314.798
314.587
315.211
315.432
304.962
313.813
315.219
314.659
315.676
315.485
315.285
315.909
316.106
315.115
314.563
315.114
315.348
314.732
315.758
314.78
314.19
314.79
315.799
315.215
314.627
314.445
314.647
315.232
315.433
314.877
315.842
316.839
315.476
314.554
315.085
316.071
314.332
314.566
315.553
314.239
314.801
316.132
315.549
314.616
276.102
315.768
316.354
314.663
316.367
314.664
315.243
339.191
356.615
358.721
356.948
355.222
356.812
356.008
357.12
358.716
358.405
357.618
358.252
358.409
356.256
355.923
357.952
358.096
355.952
357.054
359.045
357.354
357.52
357.22
356.911
354.764
356.758
356.912
356.639
357.242
357.406
354.843
356.794
357.874
357.589
357.251
356.981
358.021
357.694
358.321
356.713
356.832
360.148
356.705
354.219
357.452
357.164
354.254
357.047
357.61
356.436
357.47
357.206
357.353
358.366
358.522
358.657
357.091
356.788
357.811
356.219
355.921
353.54
357.963
357.246
356.104
358.404
358.123
356.989
357.122
359.005
356.99
358.433
357.296
357.438
356.747
356.455
357.437
357.588
358.582
356.62
398.817
399.459
397.475
398.598
399.287
400.376
398.94
399.601
399.689
399.801
398.86
399.504
400.111
399.186
399.79
397.355
397.955
398.58
396.666
398.256
397.871
400
401.113
398.701
399.308
399.915
399.528
399.553
400.739
399.313
400.386
399.519
397.612
400.709
399.808
396.938
400.514
399.096
397.727
397.825
399.893
400.974
396.679
400.189
194.064
397.96
254.201
397.676
401.176
400.305
397.964
400.515
401.592
400.653
396.45
398.439
398.579
401.045
399.711
397.887
398.942
399.988
400.08
439.041
435.162
435.745
435.811
435.878
434.769
437.094
437.172
438.365
437.26
438.45
439.656
437.992
438.042
435.315
436.462
437.652
436.031
436.655
435.589
431.291
437.912
438.535
435.769
435.9
439.199
436.489
437.687
437.775
438.949
435.59
437.316
436.841
438.557
438.039
437.015
436.53
437.113
436.085
437.223
436.741
438.412
434.17
311.855
438.034
434.885
438.115
437.12
438.248
437.768
438.883
355.117
433.713
436.872
438.489
435.967
436.471
436.052
436.669
437.728
436.236
440.467
475.013
475.015
476.205
475.626
473.208
475.065
476.25
475.643
476.279
476.25
475.675
473.846
473.864
475.077
474.481
473.293
475.694
475.097
475.113
475.115
473.326
476.35
475.133
466.894
475.728
473.959
475.758
474.552
474.611
473.899
476.392
474.603
475.204
474.607
475.206
475.848
475.223
476.39
474.052
477.63
473.481
473.499
477.041
474.093
475.852
475.262
474.688
509.723
506.289
506.98
507.576
502.996
508.209
507.516
505.534
507.402
508.073
510.048
509.972
508.596
508.569
508.511
508.501
504.558
509.077
507.733
505.732
507.652
508.939
506.298
506.91
508.158
508.133
506.144
508.702
508.01
506.03
507.312
508.552
507.879
507.839
507.783
508.403
508.331
509.612
507.074
508.301
509.47
507.535
511.352
507.532
508.738
508.075
509.295
507.995
506.074
507.931
507.876
509.119
508.444
506.561
508.364
509.603
508.285
508.275
503.922
503.273
508.156
506.899
507.484
506.809
508.029
507.354
509.212
507.307
506.065
509.758
509.613
509.587
509.576
510.172
508.289
507.05
508.871
506.394
507.565
503.298
509.928
508.645
509.247
509.835
506.776
509.769
507.886
507.271
508.402
508.407
508.369
508.345
510.111
510.056
510.045
549.524
546.683
547.289
547.182
549.901
548.376
545.58
548.922
546.816
546.694
544.612
547.945
549.851
547.027
548.347
540.812
548.839
548.043
547.268
548.599
546.458
546.403
543.597
548.238
547.483
546.071
550.688
547.897
549.168
545.727
547.631
548.235
546.845
549.428
547.985
547.224
547.809
549.1
548.994
548.889
548.816
547.388
548.001
549.876
548.478
547.771
547.636
548.23
549.428
548.768
548.633
548.593
548.489
547.741
547.011
548.244
548.817
549.406
548
548.571
547.173
542.598
548.343
548.897
547.487
548.739
546.05
545.998
549.803
549.046
550.922
546.989
549.454
546.807
550.568
550.479
546.573
547.746
549.599
547.624
548.873
547.472
550.5
548.556
545.963
543.985
546.406
547.626
548.196
551.271
546.759
547.295
567.429
568.016
568.555
569.827
567.057
568.256
567.485
569.427
566.593
570.534
568.401
566.959
566.197
569.423
567.324
568.56
567.093
567.033
568.888
570.141
570.046
567.225
568.436
568.376
569.652
567.526
567.451
569.324
545.158
567.148
567.026
568.226
