0.451267
118.421
132.406
144.009
148.963
130.85
147.059
148.627
152.778
136.552
136.892
139.965
139.584
140.054
141.108
143.668
143.44
143.147
143.795
145.539
144.736
144.123
142.781
142.747
171.26
175.079
176.705
179.963
180.077
179.548
179.677
190.275
206.965
209.805
210.547
213.303
242.733
242.903
243.538
251.089
276.563
275.495
275.609
308.725
307.81
316.734
338.959
346.315
367.97
367.428
395.371
395.814
409.02
419.389
426.964
438.072
442.887
447.05
450.142
448.567
445.016
449.374
450.18
452.519
450.995
443.259
449.035
453.362
452.666
449.961
451.022
453.438
451.896
450.914
452.562
453.257
452.425
452.675
452.853
453.092
452.435
453.058
453.293
453.964
453.656
453.561
453.76
453.232
452.333
453.755
454.256
455.264
453.936
453.617
454.233
452.092
454.311
454.501
439.716
438.063
429.02
437.906
424.927
429.697
446.69
455.015
453.605
454.973
454.82
454.894
452.747
451.261
443.465
423.304
450.733
454.51
454.741
453.94
451.781
444.301
439.384
436.953
437.537
446.278
426.035
438.295
447.647
449.397
448.87
451.301
451.252
450.785
438.207
433.45
432.597
424.239
429.214
449.903
446.38
433.16
429.705
426.729
425.417
447.164
451.527
450.252
449.949
450.164
449.45
441.842
449.159
434.36
432.868
442.645
444.758
437.145
413.188
440.37
435.944
435.518
445.588
441.905
438.132
446.173
444.26
439.363
433.002
413.95
411.986
449.375
448.951
445.225
449.558
446.58
433.903
449.022
437.195
415.744
415.445
445.922
437.714
432.928
446.071
447.561
434.629
447.335
434.205
451.609
452.511
451.726
442.823
444.809
430.369
433.828
408.227
410.593
413.087
448.818
441.219
417.46
448.378
433.521
415.463
405.43
424.347
404.394
417.431
425.532
408.419
432.529
411.229
415.065
446.191
432.311
439.961
438.701
443.751
449.357
432.924
431.85
434.959
441.732
439.606
441.682
426.912
446.111
434.352
433.021
441.104
426.26
394.297
403.494
406.648
438.54
443.886
394.526
428.267
427.602
432.068
435.52
406.645
430.175
422.145
411.163
440.263
430.729
437.681
433.908
444.736
433.7
428.434
416.912
421.61
418.164
405.072
433.113
432.675
419.411
445.754
448.12
438.226
404.782
418.601
434.296
413.783
398.133
420.062
426.385
429.71
440.34
408.794
426.345
439.165
430.956
419.728
419.519
434.126
445.847
433.23
435.673
423.571
440.774
433.367
434.357
436.981
419.592
431.622
434.274
431.83
439.234
435.181
439.275
429.264
410.73
403.851
420.968
416.866
420.361
431.259
418.654
425.848
422.007
407.69
430.345
428.321
399.303
419.147
427.704
418.611
434.226
427.889
431.102
426.442
435.708
427.067
409.085
428.902
417.892
417.517
426.209
435.655
445.772
429.779
435.891
407.349
434.942
422.761
429.384
411.154
428.622
426.981
420.99
429.608
434.408
437.661
436.684
451.576
423.917
430.316
438.579
425.581
438.191
437.136
439.599
439.821
446.971
437.402
428.24
440.032
431.293
435.841
440.647
442.224
443.063
434.717
446.372
438.8
430.214
439.35
419.384
430.535
426.336
435.006
439.516
432.606
421.57
414.731
425.516
441.902
432.044
439.086
445.715
433.58
448.35
432.698
429.225
428.28
440.176
429.85
443.484
431.617
432.576
436.217
432.965
437.794
438.4
447.09
448.469
438.81
439.956
443.032
435.496
428.153
442.59
437.297
442.778
440.789
445.172
428.871
427.298
444.671
442.645
442.227
439.68
443.79
432.263
430.549
422.656
427.521
402.673
419.088
417.186
417.63
425.94
420.971
422.027
414.867
435.752
427.768
429.379
407.775
434.462
421.051
428.783
421.778
426.704
428.207
429.48
427.662
431.468
432.44
431.648
423.145
437.79
424.947
430.317
433.843
433.437
449.35
444.349
426.594
438.062
442.905
437.09
427.009
411.294
411.546
423.252
422.012
414.387
403.77
414.766
424.741
437.334
433.385
436.546
425.165
421.927
429.463
419.792
411.292
420.452
412.167
400.062
401.48
401.641
390.276
414.688
429.175
428.936
421.56
427.186
429.405
434.977
417.567
423.657
429.521
429.468
425.679
425.727
431.902
420.718
415.914
430.537
422.046
417.148
420.846
422.645
417.621
419.441
426.025
425.633
415.586
420.218
410.18
418.099
413.161
414.197
411.876
411.715
412.792
412.81
406.688
406.61
412.293
405.411
410.645
413.685
417.96
404.317
403.078
