0.479205
113.708
137.151
144.009
148.963
152.233
150.106
150.586
152.867
138.448
136.933
140.241
137.624
140.032
141.357
143.339
143.066
143.124
143.795
145.412
145.042
143.276
146.677
176.215
178.083
178.622
177.296
180.268
180.963
179.854
200.204
212.082
210.949
211.287
211.545
236.432
243.502
244.395
244.525
246.921
277.212
276.216
289.644
311.556
309.711
334.926
337.326
347.556
369.757
375.045
396.008
397.817
415.291
426.481
427.875
428.7
443.084
449.673
449.432
447.422
451.733
438.4
450.456
453.007
451.518
451.798
448.01
454.41
453.364
452.65
450.883
453.312
452.993
451.907
446.613
454.337
454.003
451.905
453.818
455.413
452.588
454.187
454.067
455.064
454.124
453.524
455.155
454.682
454.389
454.308
454.859
454.807
455.73
454.835
455.573
455.976
454.716
455.789
441.37
449.81
448.958
424.438
428.594
446.246
455.806
453.385
456.05
451.86
455.316
456.409
455.345
454.539
450.847
450.616
455.857
453.584
454.065
455.349
455.509
453.711
455.08
455.21
455.062
456.329
456.869
456.595
455.552
455.696
456.643
455.728
455.812
457.611
455.483
456.927
457.543
457.187
457.896
456.239
456.209
456.746
456.432
455.742
456.103
457.697
456.063
455.897
455.3
456.053
455.507
456.73
456.957
456.208
456.955
456.517
456.431
456.583
457.059
456.392
455.854
457.145
456.045
456.582
457.172
455.762
458.295
457.784
456.185
458.603
457.912
454.754
455.93
457.576
457.151
457.433
456.82
458.04
457.079
455.529
455.403
455.6
456.105
456.759
456.87
457.477
456.999
456.237
457.07
457.364
457.563
454.351
452.837
455.663
455.248
456.357
455.892
457.386
457.024
451.205
455.881
456.757
453.42
454.537
455.634
454.687
454.367
455.445
456.576
455.481
453.224
455.145
453.986
454.137
454.82
453.886
454.134
452.663
450.005
453.202
453.738
453.702
453.756
450.316
453.626
453.043
443.958
453.026
454.145
456.539
455.442
455.494
454.778
454.305
453.98
453.278
455.232
454.535
454.327
454.242
454.126
456.782
456
455.564
456.977
434.68
449.492
453.58
454.78
454.809
454.015
442.039
453.951
455.382
457.108
451.125
453.942
446.511
452.929
452.037
447.637
451.1
447.163
455.358
448.411
454.774
455.73
449.106
445.89
451.061
455.817
446.257
439.897
443.118
453.866
456.586
452.182
456.198
447.263
444.552
453.409
451.495
449.677
454.408
454.959
448.087
447
456.651
457.16
457.44
456.981
457.024
456.138
455.989
456.88
456.706
455.295
448.752
446.414
450.318
449.245
428.535
453.146
452.111
456.148
456.761
451.282
455.411
457.159
456.727
450.34
456.319
457.408
444.256
456.123
447.852
455.992
455.747
456.587
451.811
456.843
457.453
455.145
448.742
453.254
435.105
450.668
451.784
451.334
452.586
450.348
433.278
446.663
443.129
447.833
447.028
439.169
434.274
446.384
446.341
444.781
453.375
449.85
454.839
456.444
453.454
454.571
452.368
456.414
450.443
454.34
446.171
450.796
449.503
451.321
452.09
452.981
449.975
453.824
448.667
447.532
455.665
449.994
453.085
450.596
455.945
448.504
454.444
451.307
439.06
447.422
448.797
456.659
446.183
448.296
448.751
455.621
455.473
451.612
448.752
451.864
449.418
454.933
452.337
446.531
453.201
442.932
447.058
446.342
449.315
445.718
454.217
452.32
457.408
456.339
446.414
447.037
444.246
446.051
451.949
451.632
450.744
450.434
457.546
456.15
457.704
454.679
457.833
446.723
452.865
440.319
429.569
442.815
440.091
442.286
447.062
451.664
439.399
453.785
436.502
446.762
442.686
443.37
427.825
418.818
420.87
433.862
443.105
442.607
445.725
446.228
445.829
450.464
444.687
440.493
445.587
434.018
440.871
450.291
439.105
430.582
438.923
444.52
447.264
444.643
448.114
436.824
446.834
445.212
428.997
433.254
434.586
450.229
439.3
424.991
438.777
436.105
443.918
444.714
450.889
435.101
427.548
443.388
441.023
443.331
431.711
438.568
438.731
426.051
414.639
418.266
425.907
429.445
423.981
445.973
442.745
439.787
444.459
421
435.185
437.881
436.163
414.854
434.225
427.739
433.105
437.136
433.184
433.702
442.821
442.22
449.954
443.048
437.6
436.681
431.625
441.637
436.641
441.548
425.224
416.417
433.991
422.742
429.013
413.44
419.089
420.53
436.094
439.984
423.073
428.96
429.191
427.17
