3.40426
67.5295
77.4219
80.7146
83.193
86.7084
78.28
79.9021
88.3243
103.652
103.951
104.133
105.298
105.263
105.567
113.416
128.708
128.804
129.164
105.038
111.065
139.888
145.1
143.388
143.106
143.949
146.024
144.309
162.166
176.196
178.451
176.784
176.987
186.004
209.276
207.225
204.785
212.331
242.152
238.138
240.089
267.868
275.076
272.342
297.371
305.117
318.522
333.955
344.285
361.733
373.18
388.619
389.154
414.324
419.91
420.59
435.294
436.618
445.225
442.498
440.824
443.157
444.855
443.243
442.083
443.361
442.897
443.579
443.717
444.075
446.356
443.998
444.501
444.739
446.747
444.998
444.683
445.602
446.661
444.772
445.691
445.944
447.741
445.258
445.156
445.256
441.101
446.304
445.972
446.47
448.424
445.256
446.247
446.373
448.616
446.357
447.114
446.231
448.135
447.117
446.262
438.119
449.103
447.77
447.328
444.709
448.432
447.968
447.127
448.129
448.441
447.931
447.564
448.102
449.15
447.781
447.88
448.083
449.198
446.935
447.169
448.182
449.599
448.016
448.595
448.539
449.795
448.575
447.413
448.138
450.221
445.814
448.926
448.552
450.23
448.538
448.108
450.741
449.848
448.944
449.158
449.14
450.107
449.555
451.055
448.547
450.708
447.617
449.4
449.385
450.564
450.47
449.257
448.978
449.593
446.871
448.133
448.881
449.395
445.841
447.566
448.379
448.781
449.012
431.276
437.105
439.386
368.983
437.22
424.379
443.66
447.45
448.04
447.967
446.941
429.942
445.427
448.832
450.364
448.49
449.11
449.376
447.551
447.622
443.722
448.171
444.427
438.366
435.568
434.953
443.784
448.163
442.059
419.395
442.418
440.353
440.426
441.121
441.964
441.951
432.626
443.939
425.729
447.359
448.697
448.088
443.566
440.523
446.211
448.691
449.871
447.372
448.782
448.893
449.069
448.605
448.74
448.749
449.16
440.185
447.251
449.181
439.836
448.225
442.545
445.476
449.769
449.677
449.124
449.258
449.682
448.961
448.76
449.056
449.995
448.9
449.546
449.539
446.235
423.705
448.467
448.69
450.032
449.383
448.959
449.232
449.984
449.801
450.683
450.721
450.645
450.622
449.707
450.271
436.631
449.362
449.714
448.343
449.281
449.582
449.239
449.202
450.035
448.891
449.317
448.417
450.04
447.991
448.94
449.887
448.866
421.456
438.834
448.266
449.619
449.441
448.712
449.186
449.815
448.934
444.391
448.747
449.883
448.849
449.105
450.159
450.07
448.691
448.987
449.156
450.571
448.968
449.42
448.936
449.982
448.948
449.617
449.213
449.846
449.245
448.189
449.904
450.145
448.748
449.516
448.367
449.048
449.03
448.172
448.876
450.213
448.915
449.08
422.742
449.821
449.304
449.435
449.756
448.764
447.742
449.565
449.153
449.802
449.428
448.781
449.303
450.013
445.304
449.506
449.614
449.825
449.179
440.287
435.894
428.741
443.502
443.887
448.099
449.836
439.772
447.413
435.791
433.461
439.647
436.169
434.132
444.943
435.596
444.653
443.164
446.734
445.251
440.208
443.142
445.094
442.528
445.79
443.911
443.207
420.032
444.239
429.581
425.629
440.34
437.686
430.641
447.387
435.866
439.495
436.245
435.348
442.984
428.346
438.626
436.437
436.84
438.338
440.349
444.207
411.762
444.17
441.689
407.095
426.029
423.489
442.638
440.171
429.412
443.349
437.88
446.142
444.599
445.757
442.484
447.954
434.299
434.825
436.523
444.465
437.201
445.919
443.217
443.09
421.051
439.581
440.79
437.67
429.251
439.268
441.965
442.831
444.162
443.205
439.313
448.709
434.081
435.118
446.545
434.166
430.572
427.896
444.249
445.821
443.501
441.873
427.541
431.858
421.514
442.893
436.507
433.805
429.543
426.474
430.463
436.887
417.108
431.206
423.159
427.848
433.242
421.293
419.138
416.826
431.239
435.553
422.764
419.879
425.325
431.131
407.373
409.861
418.595
419.495
394.99
413.977
415.523
416.581
433.112
429.427
427.394
412.391
416.124
413.346
432.689
436.928
427.175
432.527
427.755
426.513
432.672
436.249
426.685
417.934
428.411
421.26
424.432
415.343
421.915
418.494
424.936
396.543
410.068
420.228
416.136
425.008
416.613
421.171
425.236
431.575
436.429
432.029
425.35
424.42
424.691
429.488
429.798
411.882
422.739
408.567
407.966
420.963
413.435
418.228
418.457
423.703
420.899
417.454
417.262
409.247
416.073
396.999
