0.569171
109.389
108.489
144.606
117.889
135.56
149.126
127.811
130.37
147.534
133.043
135.2
136.189
136.666
140.652
138.182
139.711
140.285
143.365
141.429
158.604
173.128
174.651
172.315
173.238
174.972
177.072
175.589
176.071
205.493
207.919
206.235
206.617
206.885
232.363
238.77
239.473
239.547
239.707
267.006
266.869
276.404
305.256
303.94
298.887
332.771
333.785
352.04
361.139
382.41
388.454
399.073
417.629
418.702
421.564
433.877
427.616
437.789
443.166
438.743
442.118
441.006
438.487
440.53
442.39
442.111
445.256
439.856
442.483
442.813
444.835
442.441
442.819
440.224
443.903
441.03
442.755
440.689
444.189
443.072
442.577
440.45
444.89
425.366
430.542
425.982
421.572
423.967
414.341
429.192
423.541
411.046
414.527
422.288
419.609
418.711
445.04
445.008
439.257
441.216
443.726
444.519
444.654
444.798
439.665
421.862
430.02
446.049
445.588
446.602
409.884
438.086
437.313
435.054
431.557
438.94
445.058
441.199
419.981
420.431
444.389
444.152
445.251
443.355
441.455
444.299
429.71
441.228
442.165
434.912
427.47
443.013
437.781
442.223
442.417
438.022
439.931
438.593
443.492
424.125
427.04
423.687
442.374
441.806
442.881
440.7
422.889
427.822
445.17
445.196
416.485
408.013
431.863
442.867
427.126
404.166
404.914
403.129
405.637
405.739
407.342
437.54
423.581
430.152
443.905
440.567
412.763
400.352
408.024
445.492
446.18
442.451
430.821
427.008
439.458
444.235
429.485
422.804
439.766
422.551
426.347
413.83
434.414
426.249
406.549
444.696
427.562
439.397
439.209
428.176
428.098
432.808
418.643
426.743
424.605
430.655
439.4
438.79
433.886
415.909
428.402
437.594
427.434
407.348
408.929
424.787
440.529
414.839
403.348
411.881
444.021
409.005
417.177
418.849
438.197
429.165
413.784
427.044
430.212
430.709
439.275
427.563
430.411
410.528
406.917
420.197
445.055
444.153
441.687
425.47
416.611
438.867
434.161
434.407
438.113
418.376
429.474
424.079
424.191
417.744
402.459
385.539
429.056
417.279
419.923
426.122
421.882
428.716
407.247
435.323
394.89
430.172
434.464
404.732
415.536
424.429
429.61
390.806
415.63
421.911
419.54
408.807
415.885
405.297
406.88
404.596
398.132
412.977
403.981
406.944
422.62
409.585
404.761
419.335
403.093
425.767
429.71
397.289
422.869
409.392
422.785
405.862
398.107
405.671
402.767
409.859
430.134
397.707
402.595
399.815
388.765
405.545
399.128
407.265
412.227
403.932
416.569
408.705
390.372
418.194
402.44
392.086
412.771
429.033
382.195
413.137
399.593
421.649
423.214
407.81
434.944
417.524
404.026
414.943
408.832
400.567
416.661
382.992
402.37
407.344
402.071
418.227
413.85
424.704
391.6
413.141
416.818
382.329
358.229
394.465
409.638
399.365
414.092
404.164
411.5
406.437
409.303
388.723
411.544
370.221
420.463
420.489
399.056
412.819
411.345
428.377
426.584
394.83
387.488
420.265
385.549
421.662
426.265
427.714
424.462
425.077
401.686
422.457
413.097
411.715
412.916
425.786
421.247
420.402
415.753
413.355
419.302
397.416
407.863
423.712
417.774
421.595
412.052
400.964
417.637
422.462
409.469
419.718
422.139
408.394
419.999
420.76
392.703
415.869
422.385
411.414
410.802
409.337
401.267
396
414.112
407.106
406.92
412.499
423.977
431.268
419.135
412.238
419.799
436.748
410.712
406.388
420.816
421.583
420.05
418.492
423.978
405.472
411.181
406.796
424.217
404.919
412.898
423.951
426.265
426.871
427.995
428.271
430.95
434.365
414.832
425.912
438.027
435.128
427.169
427.314
429.944
439.604
411.772
426.837
438.363
434.135
409.286
434.726
417.239
431.093
440.723
428.81
422.052
425.285
436.4
434.846
438.495
437.516
412.201
429.169
404.438
428.737
423.836
424.081
427.572
428.838
438.052
403.201
414.126
417.838
393.897
399.014
396.642
383.777
368.319
385.998
420.966
394.396
377.693
405.622
428.501
410.767
405.915
399.129
387.429
397.746
397.343
411.392
405.609
410.139
406.778
391.035
407.58
421.313
393.999
402.029
391.25
401.43
414.578
405.607
387.482
407.651
413.426
366.038
390.026
389.39
392.56
389.821
385.232
389.64
362.988
393.128
394.685
384.697
422.076
366.133
395.822
372.898
406.088
421.554
406.391
419.047
427.931
431.832
418.923
