1.44577
115.2
131.514
141.176
147.506
151.013
149.607
150.234
152.074
137.521
136.476
139.381
139.282
139.919
140.785
142.537
142.983
142.606
143.284
144.474
151.757
176.282
176.687
177.944
175.874
176.638
178.083
179.328
180.063
187.298
206.321
210.246
210.186
210.234
233.031
244.063
244.484
243.498
270.385
277.342
276.181
289.197
308.809
309.975
338.94
337.776
357.195
369.864
377.498
390.925
394.586
422.372
421.323
425.624
441.132
447.269
448.554
447.857
447.338
446.322
449.796
454.283
449.774
446.639
448.009
443.85
449.335
452.451
451.608
449.242
450.057
450.825
453.036
459.682
459.944
453.982
460.76
460.159
459.329
459.957
453.853
461.015
461.045
460.909
461.715
452.505
451.76
450.162
452.99
453.272
453.468
454.623
452.4
453.636
453.492
454.514
450.857
453.452
454.043
455.802
455.341
453.764
454.164
453.852
449.164
457.006
460.113
453.916
453.74
454.334
454.259
449.415
452.001
453.96
455.369
454.885
449.182
455.324
454.601
454.854
454.901
455.054
455.722
456.145
455.937
455.41
454.482
456.158
454.57
455.263
454.319
456.004
455.739
452.672
455.822
455.765
454.57
455.572
455.52
459.482
455.873
455.531
455.395
456.126
455.781
456.423
455.907
455.493
454.496
456.365
456.68
453.707
456.01
456.134
454.74
457.176
456.386
455.741
456.137
456.322
454.516
456.188
455.741
457.105
457.286
455.634
456.295
456.571
454.965
450.147
455.771
456.254
456.487
454.756
456.053
455.707
454.419
455.723
455.11
441.673
454.91
455.33
455.222
455.516
455.421
454.682
455.001
455.384
455.434
454.887
455.023
454.784
453.644
454.858
452.128
449.073
455.191
454.036
454.941
455.089
454.886
455.009
454.578
454.749
454.983
454.833
454.991
455.27
454.647
454.775
455.065
455.13
454.444
452.815
454.84
455.153
454.975
454.821
454.898
455.392
455.178
454.282
454.929
455.247
453.94
454.275
454.381
455.764
454.933
454.633
455.078
455.351
454.433
454.934
454.961
454.963
455.012
455.004
454.874
451.556
455.153
455.156
441.218
442.741
455.034
454.546
455.214
455.582
454.724
454.86
454.702
455.351
455.53
454.193
454.54
455.505
454.966
455.121
454.841
455.748
455.625
454.154
455.019
455.243
454.964
455.236
454.795
455.465
454.43
454.407
454.8
455.496
455.056
454.527
455.311
455.476
455.367
454.657
451.399
455.028
455.33
450.734
454.878
455.089
455.607
454.245
454.83
455.438
455.115
455.344
455.181
455.789
454.45
454.963
455.195
455.466
454.898
454.734
455.559
455.114
455.173
455.24
455.147
456.038
455.498
455.062
455.449
455.382
454.923
455.258
454.998
453.549
452.152
455.489
454.943
449.738
455.652
453.036
445.345
451.412
452.657
392.654
452.765
454.55
455.874
454.843
454.112
450.527
434.579
455.288
455.353
446.358
432.031
450.966
449.333
455.493
453.471
453.599
454.91
448.821
451.152
453.673
431.529
454.819
446.412
405.377
426.146
432.721
416.369
406.525
432.163
422.649
453.691
454.351
454.677
452.215
451.039
453.391
430.296
448.601
454.462
431.699
448.509
454.71
448.156
444.393
445.855
448.663
454.999
454.901
454.567
455.705
455.517
454.665
455.805
455.688
455.75
455.627
455.164
455.709
455.407
455.693
455.145
455.365
447.808
443.983
455.552
456.089
456.145
455.291
455.873
453.785
455.684
455.296
451.302
454.268
455.73
455.384
454.926
448.534
455.509
455.868
455.641
455.293
455.936
451.881
453.363
444.156
448.162
455.531
451.224
455.723
450.915
454.937
450.985
455.196
453.239
454.431
452.314
453.107
436.425
434.194
442.547
447.388
452.129
454.553
454.527
453.94
434.567
417.598
410.165
441.814
442.877
450.222
421.563
421.392
445.575
450.734
448.853
450.614
450.578
420.533
416.575
443.596
437.416
408.161
406.835
431.853
440.205
444.193
416.209
443.077
451.995
449.728
443.852
451.518
452.118
453.619
445.788
451.903
443.519
445.399
438.049
442.119
435.091
420.298
441.496
452.095
443.452
449.284
450.882
448.915
449.015
451.145
450.028
454.303
433.664
412.792
430.428
439.911
402.774
430.34
427.009
440.705
448.971
446.975
443.952
446.384
445.819
435.449
448.008
444.416
448.457
445.31
437.077
435.319
440.121
446.292
437.848
424.404
431.381
444.87
449.856
450.115
446.558
450.061
448.783
449.169
447.667
445.67
449.095
