0.398781
127.029
136.17
142.844
148.611
146.998
150.584
150.816
133.401
135.858
137.185
140.069
134.297
140.328
141.28
143.801
142.102
142.912
143.928
145.639
142.94
157.878
175.86
177.49
176.298
178.739
177.897
179.893
189.629
209.881
206.306
211.804
207.283
210.363
235.405
244.901
245.957
244.354
276.686
276.554
277.347
298.595
310.445
316.33
340.545
340.01
367.246
376.092
388.937
395.7
398.098
423.694
427.761
431.881
441.154
435.423
448.702
450.485
450.308
452.098
450.661
443.854
449.939
452.134
451.955
451.735
448.22
454.467
453.825
450.923
450.926
454.46
452.464
451.773
452.658
454.57
453.364
453.898
453.494
455.611
453.19
453.425
452.863
454.763
453.361
453.87
453.648
453.621
453.721
452.175
451.598
456.035
456.618
454.307
454.334
455.405
453.401
454.26
453.696
455.445
456.261
455.411
455.544
456.45
455.026
453.909
454.576
455.381
455
453.274
452.139
451.272
455.734
456.075
455.909
455.492
455.154
454.646
453.951
444.06
423.89
435.755
451.227
453.938
454.202
452.493
454.073
452.901
452.273
452.885
452.107
448.304
451.912
451.046
450.589
451.662
450.906
451.533
451.031
448.952
442.19
448.072
449.716
451.918
451.309
451.521
451.527
452.089
452.744
449.239
452.492
453.344
451.985
439.85
438.964
452.02
450.794
451.381
446.265
452.078
451.352
451.614
449.598
439.083
451.864
452.7
451.206
449.636
445.293
446.237
447.237
442.955
450.87
431.34
443.973
449.453
440.294
434.236
448.914
448.082
449.074
449.808
451.274
452.884
452.351
451.476
452.823
449.103
447.306
435.27
447.002
453.202
446.498
449.807
447.811
449.942
450.52
443.112
447.657
449.329
428.948
447.5
445.146
451.399
451.271
443.491
448.572
450.823
449.464
448.701
449.204
446.931
449.073
450.351
451.917
453.574
451.752
451.667
438.397
453.751
439.458
452.388
452.355
447.198
444.846
450.333
446.977
446.713
448.596
449.634
448.883
431.435
442.414
446.884
448.741
452.391
450.133
444.698
437.353
451.042
450.745
452.765
443.85
435.426
449.761
452.974
453.049
446.855
452.654
450.26
448.682
449.275
450.052
451.472
442.062
450.248
443.865
450.626
450.759
437.478
435.441
450.626
450.785
452.549
449.621
440.483
451.213
447.566
445.343
439.281
452.371
448.654
449.535
446.791
443.07
451.407
448.119
447.613
451.279
446.902
450.5
448.35
449.755
452.443
450.243
450.292
448.149
446.694
445.356
445.343
441.966
451.934
449.744
449.892
448.642
453.584
448.285
446.915
442.802
448.007
446.45
431.069
438.73
451.896
452.523
448.016
445.18
434.343
433.008
439.096
436.892
440.256
442.044
444.651
449.45
448.86
452.843
440.359
450.86
449.711
451.538
454.167
439.989
451.427
453.688
446.678
449.538
452.751
445.098
450.086
448.507
436.731
430.781
433.813
434.907
447.765
450.078
438.123
452.652
455.208
454.753
454.433
446.049
453.742
438.184
449.948
440.105
445.771
450.284
435.001
440.075
455.094
440.302
425.874
453.441
454.628
446.502
444.764
448.312
442.71
441.895
446.294
447.635
446.316
440.53
437.809
443.454
446.648
437.968
436.079
451.091
442.728
435.86
434.287
439.329
451.587
454.399
455.183
450.112
442.653
432.58
435.148
451.065
448.696
454.044
450.545
447.327
453.617
452.204
449.057
443.45
431.635
427.737
434.229
452.044
442.353
437.767
434.986
449.23
452.603
445.945
452.42
455.224
454.531
453.433
454.794
454.701
437.584
436.717
444.639
433.814
452.889
451.435
451.754
448.383
429.574
442.985
449.281
443.388
430.924
443.112
438.569
453.134
454.774
453.611
452.802
454.857
452.238
445.202
448.394
447.375
451.297
453.856
449.165
442.298
448.097
432.865
451.294
453.466
452.652
454.82
454.481
443.379
432.795
445.859
441.578
450.791
441.37
442.988
447.333
434.388
441.417
454.968
441.33
447.764
446.77
454.766
445.323
447.706
449.064
448.591
439.874
446.156
451.968
450.1
444.344
438.056
445.463
445.038
439.036
444.882
440.858
450.035
448.6
434.951
449.37
441.327
450.016
450.825
448.19
438.62
442.948
439.519
447.424
448.061
446.832
454.718
452.543
439.295
446.565
448.738
445.351
446.571
447.965
441.228
445.917
448.405
430.221
414.278
409.327
421.5
406.111
423.885
444.648
444.105
434.611
411.146
429.815
438.2
435.942
436.4
