1.31809
132.939
115.674
142.857
121.2
121.396
143.106
151.996
152.249
153.38
133.793
135.232
136.559
137.361
141.184
139.169
139.473
138.88
143.223
146.123
172.545
173.216
176.138
173.665
173.981
175.116
177.59
175.483
176.643
206.164
207.764
206.508
206.771
216.734
240.854
235.771
239.223
255.255
273.025
271.886
267.473
302.481
306.765
322.672
322.381
340.934
362.306
365.491
387.882
387.269
408.631
418.863
415.582
426.974
439.235
441.118
441.643
439.493
442.954
429.913
451.172
450.236
452.446
449.945
445.97
451.746
452.714
452.101
450.653
445.151
444.219
443.351
446.177
444.728
446.221
443.951
445.119
445.189
447.109
445.672
445.855
445.841
447.472
445.865
445.384
446.297
448.082
446.631
446.229
446.663
447.017
445.355
445.778
446.182
447.761
446.161
446.149
446.71
448.199
447.001
445.643
447.112
445.658
441.419
446.139
446.685
448.04
446.82
447.089
442.06
443.048
446.039
446.92
447.056
448.333
447.062
447.33
447.533
448.911
447.322
447.157
447.191
448.877
448.389
447.717
447.102
437.384
445.289
445.368
443.67
449.182
447.513
443.317
443.226
445.303
443.5
444.697
445.834
445.99
447.285
445.354
444.2
444.875
445.524
444.442
443.19
445.893
442.276
435.928
444.657
445.432
446.497
445.045
445.219
426.088
436.727
441.986
438.981
443.418
443.26
443.183
443.565
444.062
444.826
444.343
443.578
443.59
442.056
445.886
440.541
444.421
446.08
442.568
445.915
442.598
442.38
442.316
444.726
444.403
440.843
442.665
443.905
442.655
441.355
432.565
442.95
436.284
441.465
442.994
442.731
441.608
445.258
441.953
442.038
441.869
442.009
445.013
443.513
443.749
443.27
442.803
444.508
442.091
437.205
445.31
442.943
445.235
443.007
441.376
442.869
441.409
444.636
445.294
445.345
444.796
444.102
431.817
442.841
443.848
444.4
444.287
443.422
437.246
444.961
435.74
438.71
441.858
441.736
444.87
441.212
434.057
442.779
444.515
442.923
442.551
444.255
441.138
434.527
428.383
425.89
428.88
427.741
433.317
433.451
430.152
433.436
421.588
428.037
411.528
436.2
424.155
449.526
442.384
413.371
422.589
439.731
436.64
438.068
441.261
428.321
430.102
446.565
447.15
445.977
442.929
444.285
446.815
445.251
445.752
445.96
445.349
443.731
445.929
446.527
447.104
446.448
446.197
445.944
447.192
446.166
446.126
446.479
447.044
446.447
446.274
446.548
446.992
445.704
446.914
446.566
447.073
445.985
446.848
446.745
447.725
446.722
446.941
446.744
447.208
446.338
446.594
440.998
446.186
445.707
445.57
440.366
437.279
446.05
444.364
445.681
443.981
444.41
441.724
435.894
441.111
444.912
443.845
444.972
415.331
444.507
442.972
444.796
435.706
443.985
441.667
444.63
445.656
446.24
445.363
434.03
444.928
446.41
445.768
446.638
447.638
446.655
446.764
446.671
446.752
418.811
443.146
445.421
446.746
445.808
446.713
446.866
446.547
446.413
446.997
446.694
446.699
446.731
446.255
443.948
447.085
446.393
446.796
446.994
447.463
446.587
446.876
446.799
447.277
446.679
446.608
446.65
447.519
446.794
446.981
444.658
446.413
446.544
446.485
431.252
446.174
446.585
446.181
440.191
444.659
444.02
444.294
444.933
415.48
441.375
442.924
446.46
446.588
446.781
446.311
443.34
447.821
446.789
444.972
446.801
446.684
446.754
446.716
446.735
447.191
446.558
446.829
445.643
445.854
446.475
446.478
446.728
446.652
446.777
445.67
446.751
447.152
446.01
445.446
446.532
445.843
446.398
445.771
446.42
446.834
446.624
446.714
446.471
446.201
446.554
446.533
446.57
447.228
446.61
446.524
442.889
445.57
445.851
445.534
446.449
443.337
441.299
445.561
444.544
446.889
446.372
445.047
434.536
441.757
444.745
445.097
444.325
412.78
430.647
441.876
442.152
445.095
440.87
447.1
443.171
446.059
446.382
445.12
446.089
446.883
440.685
445.129
441.641
445.356
443.151
447.023
446.751
446.803
446.613
441.308
444.479
447.473
445.261
445.051
446.571
441.993
430.938
439.953
394.823
427.878
437.845
431.789
421.945
437.37
433.31
434.057
440.159
441.186
439.562
433.751
432.149
440.194
439.178
437.581
440.894
406.136
401.19
420.793
401.405
413.201
425.731
401.876
433.223
435.778
421.217
429.243
430.881
409.019
427.909
432.369
439.974
408.794
