4.31779
91.8836
98.9854
107.465
96.3119
98.9274
99.9549
102.047
102.482
118.692
125.779
126.552
127.456
127.452
95.7886
286.217
288.167
289.475
295.256
291.243
283.527
141.578
143.034
141.253
142.985
143.599
145.185
155.397
174.926
174.657
177.568
176.052
176.207
227.922
208.491
206.154
211.622
236.016
241.036
239.474
270.739
271.021
273.436
303.025
303.697
325.58
332.137
349.945
360.692
375.522
389.1
389.684
412.832
417.023
425.001
428.829
434.124
439.975
442.638
436.694
436.438
440.042
439.346
438.665
434.161
433.987
443.003
441.091
441.236
442.373
444.047
442.239
439.561
442.333
444.471
442.221
439.223
442.958
443.994
443.803
442.222
444.089
445.559
443.316
451.72
452.227
452.628
450.678
451.826
452.961
453.183
452.634
453.391
453.133
453.306
451.67
453.166
453.841
454.71
452.51
437.539
445.901
445.721
445.894
445.981
445.069
446.9
445.486
446.185
445.041
447.523
446.05
444.549
446.186
455.828
454.217
454.907
455.286
451.188
455.068
453.445
455.378
455.89
454.912
454.53
455.372
455.651
454.438
454.098
455.011
457.038
451.2
446.905
447.039
450.952
443.973
450.68
448.684
450.716
451.029
451.739
447.055
453.19
451.002
455.918
450.372
454.732
450.135
453.659
448.902
453.431
454.425
452.732
454.446
456.761
447.962
447.345
447.413
448.571
447.571
450.591
447.867
452.599
452.374
448.125
449.583
448.607
450.594
455.524
453.571
457.403
456.164
454.52
445.338
455.498
450.763
447.194
448.508
455.551
446.446
451.496
453.197
454.033
455.301
451.697
447.474
449.314
447.168
451.994
450.793
450.82
450.52
447.171
431.945
450.518
448.842
446.835
447.448
447.347
447.754
449.171
446.763
448.93
445.784
447.256
448.447
447.946
447.99
446.419
447.844
447.815
447.517
446.837
446.844
448.916
447.525
449.431
447.858
448.097
448.005
448.999
447.187
449.201
447.473
448.016
447.835
448.016
446.595
447.565
444.257
447.789
446.042
445.345
446.335
444.43
444.09
446.108
447.419
438.605
410.441
436.966
446.593
446.112
446.559
439.233
441.229
446.548
448.274
447.55
447.38
448.312
444.304
446.457
447.894
434.446
447.441
446.509
445.529
445.303
444.244
445.474
447.13
447.873
446.92
439.025
439.439
445.741
445.413
445.061
446.893
447.034
422.259
445.935
445.257
447.035
443.997
443.37
442.755
445.408
444.053
446.469
445.331
445.965
444.471
445.344
445.486
446.097
444.349
445.212
444.36
447.403
442.349
444.164
444.512
428.794
443.054
445.1
440.263
433.023
435.3
434.451
430.491
435.819
437.892
444.44
446.606
447.631
446.655
446.213
446.994
447.661
446.685
446.327
420.566
447.139
446.65
445.803
443.584
447.365
446.486
447.546
447.005
447.567
446.663
446.969
446.443
447.613
446.905
446.187
447.194
447.4
446.981
446.974
447.189
447.856
446.781
447.297
448.851
449.033
447.222
447.053
447.426
447.623
446.895
447.116
447.299
444.499
445.613
443.722
440.115
445.624
441.907
444.566
446.23
445.332
446.851
445.808
434.604
433.498
447.479
424.157
438.384
444.291
436.372
441.223
440.543
443.097
445.818
444.221
437.786
445.355
442.608
445.032
444.775
446.26
446.081
446.851
447.011
444.756
431.101
447.014
446.888
415.366
445.526
445.551
446.477
445.462
446.458
440.908
445.929
446.104
446.046
445.834
445.946
445.482
446.287
445.981
445.905
446.212
445.833
444.67
445.994
446.383
439.491
443.557
445.304
447.401
436.494
440.12
430.491
445.785
446.823
439.067
445.7
446.87
447.227
440.909
445.846
446.096
438.232
440.043
441.174
441.416
439.421
445.445
437.625
436.312
433.059
439.76
438.333
444.774
445.041
447.503
446.918
446.566
446.923
447.571
446.736
447.318
447.693
447.558
447.635
446.631
447.674
446.722
445.825
444.551
446.581
445.589
446.488
446.161
447.164
446.723
418.617
441.724
445.907
439.965
442.179
447.183
447.754
447.145
445.457
442.802
446.096
442.926
445.453
447.545
447.788
447.018
447.628
448.4
438.857
443.487
448.061
447.829
447.857
446.865
447.98
445.692
445.95
431.422
437.999
443.326
438.324
443.111
445.236
446.212
443.141
445.014
446.974
444.407
447.717
443.589
441.224
433.872
415.255
438.764
439.599
441.804
417.03
413.06
429.627
446.251
446.988
445.918
446.692
448.452
448.376
448.613
447.727
435.189
