0.5512
112.219
132.406
145.73
149.324
127.137
150.262
125.418
139.905
138.449
137.059
140.276
139.806
138.773
141.376
143.967
143.719
143.195
143.723
145.73
145.081
145.305
144.772
163.125
177.635
178.57
178.573
180.134
180.568
179.587
192.923
210.619
210.136
211.329
215.188
245.996
245.479
244.162
261.815
276.848
277.321
286.486
308.449
311.612
340.439
339.755
360.306
371.518
381.109
395.777
395.981
426.854
427.452
427.962
441.104
445.331
442.887
440.695
449.428
452.516
453.127
449.387
444.505
450.597
451.772
452.097
450.92
452.707
453.829
452.829
446.905
454.244
453.026
452.465
450.909
453.485
453.928
453.271
453.747
454.31
454.015
454.373
453.021
454.922
454.401
454.087
454.165
455.384
455.166
453.612
455.202
454.436
456.585
454.862
453.613
454.843
454.643
455.168
455.751
456.949
456.37
452.574
452.855
450.986
454.557
455.226
454.482
454.292
455.63
452.876
448.724
449.786
453.414
453.714
453.665
454.042
455.057
454.936
454.259
454.323
452.74
453.349
454.024
453.121
454.341
451.375
454.969
452.031
450.451
448.23
450.463
451.207
452.372
448.588
447.405
450.477
448.5
451.971
452.472
451.761
451.578
450.317
437.532
447.998
451.767
449.241
448.183
452.16
450.976
449.332
451.481
452.856
450.092
449.503
451.146
452.337
449.729
448.011
448.667
450.018
451.685
450.504
448.522
453.352
452.821
452.744
451.099
450.38
451.811
443.405
443.962
451.339
449.507
450.022
451.291
450.943
447.324
449.159
449.038
443.99
449.729
449.774
450.083
449.057
442.713
444.428
451.803
450.301
444.423
449.537
451.707
452.769
452.879
450.581
444.612
451.079
453.705
452.956
450.903
452.826
450.995
447.165
452.942
453.497
453.108
451.676
450.891
453.755
453.146
450.586
450.727
453.081
453.165
450.643
453.118
452.858
453.356
453.334
450.143
442.951
450.798
451.381
452.007
444.619
434.878
433.083
436.833
447.965
451.445
441.928
449.977
443.883
441.926
444.321
437.122
425.771
449.79
440.174
440.233
435.262
436.352
438.01
432.445
448.645
440.001
430.466
423.556
449.976
414.3
432.271
445.324
448.482
446.555
443.402
446.392
435.344
446.298
445.297
436.919
445.281
438.39
448.794
447.052
445.538
445.702
442.582
444.805
442.168
424.286
436.644
445.213
411.874
372.401
405.879
440.131
443.979
440.528
436.693
420.947
425.035
444.281
434.215
437.983
386.339
342.093
420.759
377.067
343.058
292.491
355.015
326.842
338.307
381.275
417.145
336.115
406.564
422.033
415.43
415.301
417.815
418.894
415.36
408.519
414.088
411.933
417.007
414.19
415.506
364.496
414.108
370.504
390.604
394.264
375.889
410.117
394.841
405.979
409.455
404.46
351.16
381.719
369.46
361.253
404.945
373.963
379.422
357.148
376.975
330.793
387.14
348.636
356.668
389.814
371.095
352.288
345.4
343.225
397.104
401.955
376.388
411.732
411.491
398.137
396.258
417.444
416.867
418.311
408.198
375.543
416.313
414.358
391.53
409.891
411.443
410.041
406.931
394.669
399.206
415.503
411.31
416.88
417.046
411.803
411.232
341.038
322.685
311.204
400.869
394.221
414.611
419.16
418.907
418.535
420.622
412.388
408.016
400.434
404.541
414.688
405.303
367.492
310.114
343.95
380.421
340.502
318.413
355.936
355.364
319.22
396.177
328.935
355.171
409.881
318.746
337.895
346.898
373.191
326.781
410.019
373.511
399.958
400.096
374.348
370.535
359.749
382.159
377.713
365.715
353.882
341.076
384.915
319.4
315.875
306.323
313.182
317.376
400.134
415.246
364.189
355.091
343.11
315.64
310.154
318.695
350.969
403.759
384.613
362.583
376.805
360.347
410.358
407.694
418.381
421.03
397.609
323.322
380.68
383.297
384.941
423.605
386.536
395.137
405.501
408.538
367.312
374.612
360.034
399.118
411.372
347.287
381.874
403.141
368.004
377.617
383.294
369.845
415.704
409.652
356.079
386.309
356.499
353.99
416.879
416.104
377.93
359.814
387.45
371.813
415.211
410.776
355.616
319.071
353.901
364.049
365.331
353.226
373.174
359.889
380.01
397.329
420.373
378.357
397.832
378.097
403.449
418.498
418.26
415.962
402.52
413.581
361.837
397.004
397.509
374.107
372.459
386.833
411.402
412.955
414.569
379.536
382.024
367.786
342.416
355.24
313.501
382.328
412.579
404.808
371.636
376.066
394.334
