0.484033
123.372
139.13
144.578
146.435
151.738
150.75
151.052
151.984
134.443
136.351
139.211
139.172
139.896
132.666
143.224
142.116
142.876
142.544
134.284
141.643
155.216
173.677
175.242
176.682
175.323
176.928
179.392
179.831
181.664
208.834
211.115
210.15
210.338
229.079
244.479
244.233
241.776
263.022
273.74
275.968
289.703
308.248
310.457
337.884
338.774
355.872
362.297
380.271
393.89
394.161
422.911
422.423
424.495
440.064
424.702
445.313
448.129
447.885
449.073
450.057
445.688
450.338
450.955
447.14
448.817
441.669
452.83
451.94
450.765
448.689
452.541
449.826
451.225
451.678
452.631
450.095
448.912
452.354
453.36
450.362
451.877
451.455
453.664
452.762
452.886
453.106
453.546
453.093
452.816
452.043
454.641
454.525
452.993
453.505
454.339
453.289
453.941
454.184
454.506
454.862
451.432
451.011
452.241
453.337
453.464
451.329
453.245
452.994
454.461
453.568
447.937
449.571
451.004
453.065
453.692
451.886
452.818
453.333
454.299
452.433
448.959
448.12
453.973
453.167
452.845
451.838
455.186
453.329
453.766
452.806
455.321
453.596
453.397
453.498
453.896
451.714
454.016
455.819
454.737
455.979
455.401
455.505
456.407
452.153
454.692
455.603
454.653
454.58
453.683
453.06
455.851
455.905
454.329
456.011
453.269
456.857
456.416
453.22
454.498
454.901
446.898
439.079
456.011
452.376
453.437
455.282
454.979
455.151
454.295
450.044
454.964
453.285
453.516
455.527
456.67
455.619
455.237
453.581
454.263
453.636
453.024
455.183
455.656
452.129
452.989
452.864
455.419
455.23
451.308
451.455
453.297
449.774
453.716
453.949
453.012
453.015
452.305
451.727
452.749
451.807
453.093
453.74
452.715
452.879
453.998
451.918
452.559
450.665
452.181
452.634
453.921
451.871
454.01
454.415
451.711
452.71
451.477
452.896
452.492
447.456
452.638
454.057
452.417
445.665
448.429
449.979
450.825
454.026
452.122
454.321
453.613
451.839
453.273
452.175
446.396
453.546
454.051
453.107
453.361
453.515
455.01
453.329
454.949
451.043
451.499
449.67
454.288
453.393
453.201
451.473
450.036
453.646
451.424
450.597
446.212
449.648
451.643
454.179
453.141
450.854
452.677
453.878
454.059
450.689
454.175
452.434
447.8
441.477
447.216
448.728
446.169
449.634
453.179
452.426
447.663
448.69
450.214
452.587
449.749
451.841
441.947
448.407
452.266
446.78
450.852
448.782
452.21
454.776
452.274
451.901
452.533
452.718
448.085
444.987
440.139
440.487
441.81
447.396
444.655
446.738
444.279
441.743
436.517
436.959
432.054
424.207
444.169
445.011
439.635
449.307
438.294
440.186
437.781
447.853
442.054
446.806
451.471
447.963
448.928
440.857
420.544
434.654
420.241
426.827
423.263
410.329
369.039
420.705
371.999
361.171
350.472
360.298
426.213
425.645
366.899
432.183
356.523
389.208
349.035
314.872
373.903
364.799
377.166
375.204
413.761
414.086
416.797
415.741
412.47
413.761
404.86
420.16
421.069
408.657
410.232
408.22
412.655
413.862
410.375
305.644
336.958
341.159
372.34
370.442
356.028
349.093
335.155
363.286
360.51
346.7
371.421
408.571
409.084
413.568
407.65
361.328
362.823
406.211
411.043
371.873
368.453
407.533
345.918
353.214
341.706
344.986
345.108
319.42
339.738
377.295
387.322
371.695
345.178
372.361
362.743
345.109
377.373
412.566
410.053
412.55
409.478
402.616
375.716
370.269
412.277
363.781
359.984
383.611
411.105
407.55
414.63
418.014
416.308
421.418
425.405
418.045
414.189
416.472
424.014
405.403
410.398
383.571
379.33
411.73
415.987
379.252
386.325
377.428
389.394
417.21
411.759
420.598
412.396
406.051
378.796
387.048
381.801
312.661
318.697
362.132
385.951
351.528
378.518
333.132
340.777
399.111
430.82
421.75
381.91
415.578
351.759
357.266
376.133
336.749
400.497
366.846
392.277
351.266
368.417
337.298
361.337
413.617
416.622
429.401
421.031
425.777
417.838
421.263
414.301
420.857
420.579
424.032
422.544
425.513
424.428
426.582
424.673
420.094
426.361
426.586
422.332
420.005
418.732
423.851
423.609
424.658
419.354
424.4
425.571
423.297
416.676
422.891
411.717
426.053
431.015
428.171
423.892
416.152
423.674
411.927
361.312
332.246
321.142
321.448
379.633
408.694
405.421
422.214
352.03
408.663
