0.52786
112.219
114.959
115.022
114.979
135.368
149.451
124.615
130.37
146.79
133.874
135.264
136.585
137.536
141.261
138.091
139.896
140.547
142.635
141
140.74
141.848
161.435
173.774
173.746
174.257
177.608
175.824
176.173
205.527
207.011
204.771
206.772
205.168
224.916
239.168
239.728
239.653
269.718
269.791
277.152
303.865
303.96
304.993
332.875
333.674
364.328
368.492
388.113
385.924
396.218
416.887
417.969
425.25
437.501
441.084
440.882
440.555
432.198
438.739
440.854
442.752
443.447
440.797
442.038
443.178
445.744
443.323
443.618
443.75
446.288
442.297
444.21
443.43
445.39
443.113
443.891
444.29
445.784
445.384
444.179
443.202
446.858
444.995
445.063
444.897
445.375
445.298
444.896
445.331
434.29
438.631
429.469
437.032
436.759
445.389
445.093
445.681
440.352
446.379
447.149
445.912
447.25
446.689
443.723
427.702
438.566
445.477
446.148
446.006
439.975
445.504
444.815
444.315
445.987
445.484
445.058
445.691
445.873
446.038
446.471
445.928
447.891
426.109
440.152
441.994
429.286
443.189
432.417
417.359
430.218
442.254
446.301
445.56
446.165
440.02
418.056
422.517
422.579
427.942
441.433
443.742
433.929
435.478
441.182
434.715
429.991
442.66
433.651
443.576
444.186
427.22
441.547
442.985
446.492
444.569
438.979
432.941
439.017
425.587
419.116
419.297
437
431.045
434.765
445.856
442.672
417.518
397.36
408.266
441.212
442.714
445.059
443.321
431.3
420.8
420.947
438.118
439.787
414.421
407.53
400.678
400.407
427.658
444.163
446.282
444.058
435.575
433.297
398.503
416.855
397.262
409.008
409.164
392.902
409.069
436.245
440.982
430.306
435.852
424.512
389.725
376.03
383.502
377.216
392.91
434.979
429.206
441.859
436.572
434.864
398.904
355.078
413.892
421.417
416.805
337.824
395.591
388.219
338.997
352.581
338.762
394.107
416.56
377.218
327.624
326.379
354.677
416.868
424.083
423.195
416.56
361.494
332.768
402.491
419.304
418.937
332.27
341.536
389.609
419.017
398.19
326.192
352.511
383.319
416.824
334.514
363.564
412.094
407.807
409.37
414.827
418.617
398.12
395.574
417.112
417.704
424.229
422.238
412.523
390.323
329.583
329.908
402.729
333.321
327.817
410.132
417.098
333.693
329.873
411.184
371.682
326.031
380.731
419.664
334.596
401.051
421.394
413.43
392.856
361.649
349.495
378.837
424.066
346.074
401.027
422.186
433.128
408.436
350.62
354.672
361.629
357.48
323.493
334.286
418.237
354.17
390.388
418.549
346.485
351.8
350.52
418.406
358.14
335.969
383.081
368.633
355.832
421.916
414.609
406.183
401.702
395.94
410.595
413.865
411.412
410.615
378.774
379.076
414.654
416.104
418.736
424.479
426.318
427.88
426.64
422.297
434.511
433.487
429.329
440.921
438.459
417.047
416.303
417.253
419.114
392.014
416.04
404.453
379.308
420.082
412.671
419.637
417.546
421.926
405.696
417.898
412.757
419.714
413.069
334.179
368.942
357.294
366.899
370.853
369.792
374.2
366.767
406.177
382.033
401.208
362.041
375.924
379.969
396.118
405.891
367.518
346.887
367.771
375.46
371.27
375.768
367.721
389.2
381.382
366.122
364.349
381.6
355.618
350.422
384.664
381.65
353.879
390.381
392.092
388.172
414.536
382.236
351.034
381.116
424.679
424.355
422.149
419.484
407.711
416.211
419.732
397.424
421.457
412.745
404.021
412.177
412.246
418.308
403.949
414.014
407.341
397.342
413.314
413.041
407.263
413.62
407.716
408.713
412.494
379.698
370.422
411.823
399.218
410.506
360.391
375.215
393.657
314.272
370.803
370.717
365.132
362.226
385.76
383.043
386.179
391.807
380.294
412.398
377.318
339.973
362.089
359.581
381.014
415.537
402.656
401.895
403.37
404.174
404.685
405.094
348.86
384.538
382.349
391.617
368.57
359.32
366.629
398.804
358.795
381.232
357.994
350.168
352.511
376.444
363.405
366.987
406.665
391.971
362.666
374.147
354.903
389.762
379.004
390.156
385.193
354.979
374.936
370.832
363.364
365.275
377.591
368.331
385.577
389.107
355.625
372.624
368.008
388.355
333.219
366.32
402.427
390.806
375.228
410.618
408.118
409.612
374.935
385.235
387.717
372.711
391.349
380.586
372.213
388.207
361.697
350.991
359.289
333.551
388.553
407.907
412.186
416.83
417.029
419.611
382.723
