3.50785
68.5714
78.0488
73.4718
95.0943
98.9274
100.317
102.157
102.445
103.683
103.641
104.942
105.518
118.747
128.157
129.042
129.237
107.694
111.591
139.28
140.378
141.736
144.337
142.732
141.151
134.209
147.087
174.386
175.137
171.448
176.103
175.126
193.473
203.978
208.438
205.583
233.124
238.928
241.062
251.294
268.427
269.886
283.551
303.202
306.809
332.051
334.887
360.673
361.335
382.965
389.342
395.939
414.794
417.983
428.709
432.665
440.035
438.264
443.178
439.227
440.546
441.527
441.99
440.997
440.828
441.591
443.881
441.937
440.998
442.236
442.988
442.509
440.012
442.908
444.604
443.192
443.294
443.808
444.517
443.673
441.015
443.372
441.303
441.455
444.245
442.489
444.605
441.939
443.084
442.862
444.066
444.121
444.091
443.048
437.208
444.53
445.374
444.612
446.509
444.599
445.642
444.917
446.476
445.916
445.238
445.126
446.03
443.773
444.434
443.688
443.522
443.721
444.336
443.841
446.485
444.945
445.935
446.292
446.863
446.378
441.612
445.872
447.706
446.87
446.457
446.74
447.425
446.926
446.385
447.104
447.976
445.783
446.145
446.656
447.778
446.826
447.235
447.301
448.342
444.883
446.903
446.664
448.497
447.667
447.108
447.289
447.751
447.564
447.766
447.345
430.209
444.031
443.134
407.532
448.773
445.358
445.898
447.626
441.282
435.765
443.22
431.126
446.441
444.682
446.064
447.86
448.51
447.9
445.848
445.102
443.655
443.756
419.482
447.802
448.77
447.826
446.527
438.648
445.119
436.933
445.105
444.715
448.476
446.522
445.161
444.746
445.787
446.26
445.641
446.139
445.551
445.252
446.039
429.36
443.804
444.927
439.601
447.112
447.078
447.008
447.227
446.599
448.517
445.953
447.044
445.771
447.725
446.796
446.209
447.155
447.794
441.884
446.901
413.141
414.82
425.657
440.449
434.347
444.474
444.055
411.56
443.466
238.564
443.293
421.444
433.925
419.408
438.349
437.515
342.194
428.05
431.912
433.95
436.129
438.674
432.844
428.708
436.934
440.972
415.643
438.464
443.038
445.437
444.817
444.482
442.279
435.648
440.792
448.405
446.725
446.994
434.63
426.137
428.736
431.463
433.067
444.683
442.809
443.677
445.936
444.271
444.303
446.401
446.197
436.721
441.758
444.368
444.356
445.792
444.476
445.988
420.772
445.549
445.844
446.726
435.61
447.189
445.995
444.321
436.85
442.707
444.981
447.921
446.324
447.518
446.415
447.971
447.817
444.41
438.631
448.452
446.825
437.873
446.615
440.49
444.612
446.95
446.778
445.733
439.419
443.167
442.718
447.547
446.78
444.883
444.216
446.803
443.303
443.707
445.739
445.522
440.473
444.469
419.797
447.192
446.932
441.153
445.54
447.55
445.631
445.01
444.228
445.245
443.721
446.337
443.638
432.251
443.982
441.538
444.065
437.667
442.163
433.292
441.409
437.014
442.434
431.789
446.167
442.501
439.468
443.909
446.328
433.321
441.412
437.096
445.904
439.63
431.177
444.292
442.634
442.176
439.902
427.133
426.651
438.767
435.785
433.75
444.78
433.576
439.485
430.119
438.566
433.773
423.993
439.207
433.408
442.493
438.375
436.645
426.534
430.801
435.845
438.88
437.526
442.592
435.905
438.937
436.415
436.934
426.143
441.596
437.83
404.812
427.404
441.769
435.728
436.813
438.301
434.458
438.169
431.771
447.505
439.013
436.55
441.975
425.69
429.984
437.597
423.561
433.462
418.87
420.651
427.15
428.329
427.098
429.473
433.225
412.928
424.248
427.649
424.918
417.277
412.531
429.3
423.5
428.033
412.395
423.607
431.96
427.424
415.146
421.925
426.084
429.828
428.476
432.486
429.542
414.425
420.049
408.787
407.103
439.639
427.252
426.078
433.266
418.909
409.758
417.17
406.171
434.727
429.291
420.237
420.311
418.559
414.832
418.532
419.033
394.026
408.424
394.789
408.023
426.125
415.466
386.602
418.727
425.788
419.856
419.081
421.791
422.522
407.303
423.977
419.507
426.376
418.821
404.331
417.094
424.679
398.444
414.315
423.089
420.647
419.69
415.837
414.649
410.493
417.313
397
424.25
410.745
401.695
416.459
426.475
405.384
401.801
434.491
416.774
417.232
416.144
423.544
426.748
426.117
423.174
418.83
425.651
413.182
411.827
407.469
423.406
388.958
391.975
362.718
360.425
378.56
382.551
371.895
359.136
370.098
382.117
373.783
355.141
