24.6154
45.045
54.7945
57.0776
57.6092
63.4058
65.1201
66.4943
69.5652
75.4717
80
77.9844
80.9483
84.6979
82.538
87.7193
86.4138
87.7193
89.666
91.623
91.0219
91.2517
92.8793
93.7031
95.2555
95.2213
95.3354
97.3481
100
97.2702
98.4464
99.0099
99.5462
98.287
99.8752
100.914
102.481
102.282
104.932
102.551
101.843
104.242
104.031
102.857
104.641
104.456
106.667
104.556
105.252
105.974
105.766
106.436
105.799
106.869
107.095
105.215
107.907
106.865
107.057
106.868
107.424
140.641
139.647
138.048
139.579
139.206
138.903
139.155
138.861
140.831
141.635
139.061
140.952
140.082
139.77
139.467
139.71
139.922
140.672
142.405
142.09
141.783
141.474
141.678
141.378
140.617
139.406
140.058
142.113
140.889
141.986
139.944
140.55
141.622
143.102
141.503
142.972
172.79
172.667
173.138
172.999
174.089
172.714
173.196
172.484
173.504
173.955
173.25
174.839
173.546
173.994
174.977
174.272
173.036
174.541
174.406
175.36
173.609
174.545
176
174.823
174.679
173.524
175.439
175.304
175.172
175.043
174.419
174.298
184.95
186.335
181.372
184.319
186.194
187.044
184.723
186.084
187.952
187.705
185.942
185.233
185.51
185.806
187.097
184.425
187.178
184.045
186.728
187.993
186.328
189.031
185.443
183.87
187.413
187.658
187.463
186.343
184.787
186.872
187.569
187.381
186.734
186.533
188.571
186.172
187.283
187.972
186.916
186.312
186.977
187.66
186.603
188.526
189.199
187.324
190.037
187.764
187.19
188.255
188.473
187.474
186.487
187.928
189.345
188.326
187
187.214
188.613
189.215
187.872
188.069
141.651
190.038
187.581
188.534
189.505
188.931
189.155
188.235
188.803
188.997
189.207
187.94
188.514
188.705
189.63
188.731
188.204
188.063
189.289
187.752
188.981
189.868
189.352
189.208
189.379
188.541
189.742
189.59
189.439
189.622
189.465
187.322
187.821
187.684
186.256
190.008
189.194
189.355
187.302
189.071
186.706
187.816
188
188.183
189.919
123.367
189.314
189.776
189.943
187.662
189.348
189.515
189.072
190.145
188.492
131.971
186.755
189.573
170.894
190.174
190.333
189.899
190.355
189.925
190.089
190.525
190.092
190.253
189.515
189.972
190.118
187.733
188.726
189.432
190.151
191.149
189.323
189.467
189.896
190.603
190.749
189.24
232.804
230.798
231.625
230.887
231.689
232.52
231.352
230.609
231.825
232.235
229.913
229.571
233.096
231.558
230.463
230.47
231.642
232.068
233.234
230.588
230.613
231.775
229.921
232.205
233.749
231.884
231.547
232.675
231.581
231.24
231.631
231.687
232.796
231.736
230.313
231.776
231.081
232.177
232.213
231.171
231.908
232.635
232.311
232.329
232
232.381
231.343
233.833
233.137
232.108
233.536
228.78
232.195
232.204
231.21
232.264
232.624
231.286
231.644
229.348
233.376
231.716
233.42
231.119
232.79
149.451
233.826
232.519
232.874
233.22
231.933
232.942
233.269
232.644
232.025
234.31
233.347
232.09
232.428
232.772
233.1
231.545
233.455
233.476
232.551
234.467
233.528
233.232
233.568
232.343
230.524
161.618
233.016
233.34
230.028
232.463
228.61
233.72
232.218
233.451
232.861
233.178
232.594
233.211
233.821
233.544
232.679
233.582
232.128
233.904
233.044
271.296
273.151
269.922
273.376
273.281
272.417
272.288
272.604
273.687
271.217
273.887
271.453
272.165
273.606
273.898
271.864
274.478
269.421
271.971
272.269
273.327
271.714
272.372
272.285
271.82
271.377
272.379
272.697
273.719
273.251
270.2
271.962
271.499
273.651
274.286
270.166
271.522
273.3
273.548
270.554
271.536
271.464
269.615
273.109
273.746
274.016
273.193
271.669
272.656
270.119
273.56
271.353
271.991
272.595
270.071
274.211
272.008
273.313
273.584
273.846
272.699
274.015
272.183
273.505
272.051
272.302
273.26
270.117
271.045
273.684
273.258
273.513
273.09
273.011
273.614
273.526
273.786
274.021
272.284
273.2
273.106
272.693
274.286
313.534
314.655
315.303
315.983
314.882
314.251
316.656
314.306
316.691
315.595
316.255
314.754
312.003
315.208
314.997
316.071
315.457
314.4
316.316
312.74
315.484
314.445
312.998
314.89
313.434
315.746
314.695
315.341
315.135
316.18
314.311
315.348
313.517
313.74
315.608
314.185
315.211
314.208
314.409
314.639
315.239
315.487
315.676
313.466
315.295
314.691
314.898
315.925
315.33
314.741
313.358
315.515
314.557
314.382
316.174
315.577
316.189
315.197
314.627
314.829
315.407
314.456
314.657
270.222
315.068
315.659
314.697
315.285
315.493
315.7
315.907
314.942
315.13
316.496
314.773
315.765
314.811
315.006
316.34
316.16
315.98
315.042
357.409
356.601
354.874
355.984
355.678
357.269
357.441
356.641
356.335
358.4
358.558
357.279
356.036
357.154
357.29
357.538
355.787
356.381
357.513
358.547
356.875
356.553
354.898
358.761
355.685
356.767
355.066
355.244
355.859
357.837
358.001
356.334
358.791
357.099
356.794
357.404
355.758
356.353
357.848
358.914
357.272
356.541
357.121
356.864
357.422
357.593
356.876
355.688
356.283
353.388
358.367
356.73
357.323
358.361
358.084
357.797
357.069
358.533
356.913
358.402
357.195
356.062
356.686
358.509
356.956
358.39
358.117
356.968
357.969
355.964
356.989
357.986
357.707
359.986
357.143
357.306
357.448
358.437
358.16
400.521
399.595
401.257
398.226
399.408
399.962
399.573
400.264
399.774
398.876
401.028
400.625
398.127
400.311
399.888
400.522
397.514
398.669
398.769
400.42
400
400.628
400.713
400.823
400.416
398.989
399.586
398.701
399.793
398.898
397.962
399.046
393.755
400.338
400.398
399.507
399.592
398.733
398.818
400.407
399.988
398.622
400.214
399.312
400.392
399.007
400.581
398.716
399.305
398.919
398.057
399.121
399.719
399.801
399.416
398.987
399.127
399.721
400.734
400.349
399.514
399.618
399.7
398.379
437.165
436.065
436.145
436.238
439.063
437.477
436.899
437.51
435.349
437.108
437.729
436.641
437.274
437.324
430.749
432.964
436.923
439.228
437.024
437.665
437.152
437.764
438.941
437.876
436.78
437.974
436.35
436.983
438.679
434.835
437.74
438.305
437.798
436.204
435.693
436.828
438.544
438.039
438.113
437.077
435.505
437.708
437.223
438.899
438.438
436.839
438.506
435.895
435.395
438.115
438.718
437.168
434.542
437.802
438.401
437.334
435.818
437.442
436.41
439.157
438.156
435.573
437.209
474.385
473.78
475.043
477.432
474.395
475.655
474.399
475.021
473.186
475.658
478.12
475.689
475.646
475.059
475.691
475.692
475.093
473.873
474.485
475.097
475.709
471.501
476.322
473.919
475.133
474.558
478.153
475.18
475.182
476.971
473.398
476.392
470.511
475.231
474.007
474.01
474.609
475.193
474.033
474.629
476.432
475.255
476.418
476.417
475.258
474.079
475.852
378.353
475.277
470.643
474.134
471.247
475.882
477.637
472.997
471.312
475.898
475.356
475.343
475.941
471.941
474.74
475.969
474.839
505.869
507.799
509.046
505.785
507.053
509.625
505.038
508.256
508.199
507.49
504.922
510.054
508.082
508.01
508.619
509.896
507.288
509.81
505.955
508.505
505.242
505.827
506.382
508.878
508.332
508.184
508.251
508.195
507.487
508.708
507.408
508.657
509.893
506.705
505.424
507.876
509.119
507.182
506.516
508.996
508.971
508.3
508.26
507.638
509.438
507.546
511.248
506.876
509.319
509.278
509.223
506.712
508.563
508.524
510.353
507.738
507.817
506.563
509.506
508.303
508.881
507.626
508.231
509.378
509.382
507.504
510.504
510.477
508.581
508.571
506.725
509.729
509.064
509.649
451.746
508.369
507.138
505.901
550.419
547.545
549.541
547.363
548.653
549.26
547.109
547.713
547.59
549.62
548.135
547.385
549.374
547.255
547.756
545.639
548.282
547.503
548.855
548.076
545.935
548.582
549.162
549.791
550.371
548.222
548.132
546.023
546.629
549.242
549.152
547.091
545.641
548.219
546.813
548.09
548.628
547.24
548.482
547.737
547.65
546.242
548.177
548.759
548.033
549.236
549.179
551.089
549.591
548.802
549.508
549.355
549.33
545.919
360.746
550.395
548.977
548.889
453.909
549.406
548
548.571
547.828
549.699
548.327
548.241
548.81
548.723
544.804
549.875
552.404
547.76
548.34
546.344
547.506
548.732
547.384
547.884
547.876
547.194
549.629
548.958
550.768
548.098
548.641
547.244
546.6
543.985
549.616
548.28
548.804
549.359
567.616
566.178
568.81
569.35
569.255
567.764
567.009
568.953
569.507
569.379
566.609
567.159
567.757
567.633
565.528
568.747
567.996
567.903
567.109
568.998
568.888
568.124
569.389
569.247
567.88
569.012
569.015
570.132
568.036
566.714
567.853
565.14
569.615
568.92
