96.1538
206.186
239.521
341.297
320
305.011
349.345
332.103
401.606
351.438
383.387
346.205
375.335
422.535
451.977
389.908
393.013
415.301
437.158
438.871
439.56
424.354
480
461.681
445.205
463.122
433.437
497.001
449.775
450.909
495.74
511.232
479.887
493.653
494.166
507.197
492.866
492.424
479.904
504.615
480
479.643
502.57
502.232
501.909
513.1
512.273
490
510.725
522.006
521.042
498.354
519.231
526.82
526.811
516.304
525.362
515.059
514.359
532.519
522.105
521.523
512
511.61
528
518.576
518.095
517.824
517.178
516.176
531.758
530.716
530.086
521.921
521.262
520.622
527.205
526.491
533.511
525.292
532.295
545.873
537.772
523.238
543.101
535.714
548.287
532.934
540.378
539.259
531.946
525.127
524.7
542.857
542.067
547.713
534.643
546.358
533.333
532.841
544
531.75
536.774
530.303
541.507
540.677
551.583
544.864
538.819
538.312
532.319
542.487
536.344
546.448
540.667
539.792
544.657
538.949
538.237
528.384
542.705
541.97
536.564
517.277
535.145
534.849
534.112
533.83
537.968
542.106
528.211
532
545.048
553.96
539.468
543.435
547.51
546.921
550.747
541.267
549.855
553.727
552.889
547.893
547.432
542.836
542.323
537.906
522.011
467.565
524.862
524.601
520.358
531.368
519.913
519.695
526.754
522.854
526.056
536.667
540
532.332
528.265
520.998
520.866
530.833
527.059
526.644
519.878
529.576
525.833
528.809
525.283
535.005
524.747
544.532
551.254
547.233
536.673
517.143
529.455
535.714
519.481
531.304
521.812
525.06
524.554
530.452
530.356
523.934
523.66
529.347
532.017
534.833
525.61
525.333
530.973
521.967
527.496
521.401
524.199
523.736
526.52
526.248
528.747
531.314
522.744
527.978
530.638
533.098
527.232
538.083
532.272
523.879
548.502
539.734
545
544.641
552.903
555.486
549.301
546.167
551.317
524.353
529.15
526.377
526.012
533.613
533.333
525.478
530.286
527.507
499.253
534.577
531.831
531.569
529.006
523.836
528.46
528.219
520.878
513.851
527.625
522.667
529.431
541.429
533.793
528.719
528.709
528.532
530.75
537.269
530.271
534.647
534.224
534.081
536.048
540.484
533.333
530.919
528.439
532.658
521.481
534.49
521.16
529.604
529.435
533.571
531.182
533.15
528.669
524.143
528.142
519.603
515.502
525.517
523.245
525.226
522.876
528.941
530.774
530.559
534.588
524.186
531.895
538.159
533.482
531.201
535.203
531.119
532.847
532.679
536.545
530.385
536.135
526.036
531.716
520
533.333
537.068
525.217
538.667
532.539
534.385
536.09
533.913
535.652
533.494
537.169
523.789
531.019
532.721
530.719
539.985
539.848
537.744
533.781
531.8
540.723
533.311
536.89
529.205
536.379
534.276
530.513
523.326
531.863
533.528
535.15
536.815
531.2
534.596
513.925
530.651
523.65
530.333
537.233
535.207
535.054
529.668
536.513
538.039
534.369
535.922
532.267
530.459
537.078
536.84
540.249
529.811
536.381
536.393
541.284
540.952
539.108
542.471
535.207
538.473
538.278
531.547
565.979
567.542
563.598
566.99
563.077
564.572
564.331
564.134
562.011
561.738
566.9
566.611
566.281
560.873
565.711
567.259
565.234
563.192
564.636
569.677
565.926
565.606
563.67
568.601
561.455
562.909
562.686
565.818
567.273
568.727
566.802
564.736
564.51
560.96
567.417
565.487
565.261
561.655
564.693
567.747
562.592
567.326
565.391
566.83
405.149
566.261
565.998
570.751
567.199
566.779
563.342
564.709
566.154
565.896
565.563
563.78
566.703
566.484
564.706
561.371
562.667
562.463
557.565
554.36
560.231
558.498
567.489
562.66
559.35
557.604
558.934
560.228
563.088
565.89
565.646
566.943
562.115
563.398
567.742
566.001
564.243
567.113
566.905
571.172
566.205
567.691
569.033
561.18
564.016
566.761
566.487
558.949
567.5
567.296
562.685
566.787
559.423
564.923
564.729
567.385
568.615
568.377
566.718
566.52
569.16
568.922
568.72
567.076
563.989
566.617
567.82
569.057
568.789
568.59
569.753
565.4
569.319
569.086
567.51
565.816
561.379
565.541
566.745
567.816
567.724
568.759
569.894
564.209
564.061
566.549
566.331
567.482
565.897
571.165
564.181
567.968
569.143
568.92
567.376
565.942
565.602
566.761
569.266
566.366
567.487
568.609
563.193
568.175
569.292
569.074
568.857
568.673
568.458
566.962
566.69
566.544
562.463
566.285
571.303
565.905
564.385
567.923
565.203
567.568
569.943
568.409
567.01
569.338
566.572
566.4
568.71
567.263
568.327
566.887
564.24
567.773
570.066
569.858
569.65
568.307
568.045
567.843
565.224
566.204
567.243
569.554
569.38
569.148
570.185
567.573
568.603
565.787
565.884
571.576
571.546
567.643
568.778
560.12
570.642
569.341
570.327
567.741
566.379
568.525
569.531
570.566
563.296
571.4
570
569.832
567.32
568.34
569.275
567.845
565.399
567.55
568.534
567.174
569.325
571.513
568.998
569.948
566.276
559.407
569.43
568.055
569.051
569.991
569.911
566.228
571.76
569.344
569.102
567.802
568.729
568.544
571.756
567.101
570.315
569.048
567.684
567.556
568.471
567.17
569.228
566.839
566.662
568.734
567.389
570.601
568.219
569.121
570.049
563.393
562.146
568.428
568.224
568.072
567.922
572.166
569.78
566.338
570.54
569.295
569.065
569.896
567.581
567.536
571.558
570.473
569.19
567.917
572.047
567.572
570.608
568.293
569.211
569.062
568.889
571.913
566.437
569.43
569.257
568.032
567.937
571.934
569.72
571.605
569.376
570.152
570.03
568.865
568.696
569.59
568.384
568.241
573.221
569.872
567.718
569.607
568.533
569.27
569.053
570.008
572.879
569.647
569.553
572.431
569.22
569.054
568.889
559.877
569.569
570.439
571.284
571.115
570.923
569.774
569.61
570.471
569.306
569.143
569.004
569.86
569.696
568.567
569.395
570.223
568.065
570.862
568.775
567.614
572.348
569.229
569.092
572.861
570.751
567.6
568.389
571.196
569.135
570.964
570.803
568.732
567.661
570.345
567.353
570.027
567.07
568.8
570.581
570.4
570.219
569.132
569.973
569.771
570.611
570.454
570.274
571.089
570.008
567.994
567.888
568.65
569.389
569.281
569.128
569.91
568.868
561.379
573.151
570.251
570.962
569.084
569.836
562.381
560.492
571.252
568.291
570.922
570.725
570.617
570.443
571.275
570.184
560.243
546.484
551.404
562.472
557.163
556.172
558.626
557.61
556.744
552.369
547.262
535.046
544.515
441.104
563.662
533.165
538.614
536.894
530.624
537.431
540.655
539.8
541.225
541.948
543.417
533.979
540.862
537.649
542.28
539.02
421.435
509.512
533.379
539.494
544.099
540.877
552.693
539.184
560.694
542.069
553.913
568.789
571.201
571.098
571.821
570.79
568.989
569.686
572.128
564.379
538.059
570
569.048
570.573
572.143
568.633
571.022
568.318
568.262
570.7
564.612
501.116
569.337
569.2
484.83
541.297
568.035
567.92
573.62
569.296
570.83
571.528
568.928
572.926
570.297
570.2
572.542
571.567
571.409
569.655
570.325
570.228
570.897
571.566
573.123
568.889
571.213
571.116
568.511
572.446
570.669
572.17
569.605
571.137
571.798
569.997
570.674
570.579
571.97
570.311
571.872
570.909
570.775
571.409
568.945
571.16
568.667
572.52
570
570.667
576.93
571.2
569.534
569.386
570.085
569.899
570.56
570.448
571.901
570.187
570.095
569.965
571.391
570.454
569.616
570.233
570.122
570.813
571.41
570.498
572.025
570.352
569.43
570.004
571.466
570.615
572.002
568.032
570.968
569.317
570.73
569.833
571.227
570.367
571.777
572.4
569.988
570.608
572.8
570.41
569.506
572.449
570.794
569.188
569.047
571.193
568.819
570.959
573.838
569.203
570.62
571.213
568.889
571.716
571.608
569.288
564.783
571.161
571.179
571.037
570.132
570.062
569.199
570.543
571.943
571.039
571.659
570.793
571.411
569.128
570.462
571.077
570.954
573.066
570.728
571.341
569.059
569.686
570.244
570.854
572.966
572.824
571.272
571.863
572.489
570.892
571.498
570.686
573.44
569.742
571.032
572.343
570.844
569.92
569.905
571.257
572.441
571.703
570.132
570.032
571.36
569.848
571.105
572.417
570.191
570.074
571.361
568.447
570.449
571.023
571.614
572.189
571.378
571.968
569.802
570.389
573.061
572.251
571.429
570.61
572.584
569.698
570.995
571.562
570.747
572.762
567.847
571.794
572.358
570.965
570.108
570.686
571.28
571.775
571.066
572.302
571.511
570.69
569.255
573.237
571.069
569.618
572.23
570.06
572
569.156
571.803
570.99
571.559
571.429
570.7
571.234
571.785
569.046
573.617
569.467
574.752
571.252
570.465
571.059
570.947
570.852
570.038
571.301
570.455
571.764
571.636
572.211
