131.004
198.675
299.85
293.974
330.448
353.424
363.728
300.05
316.137
326.611
335.773
337.131
341.713
350.16
352.811
356.456
347.808
350.748
354.326
353.103
356.602
360.49
363.625
361.946
364.666
378.407
381.749
381.73
382.519
385.228
386.028
384.965
387.244
387.698
375.65
374.718
375.389
375.718
380.471
375.712
374.938
376.829
380.17
376.939
381.682
382.098
392.815
403.987
405.029
405.142
404.922
404.758
405.688
406.716
402.033
401.745
392.677
396.079
400.182
390.15
368.485
394.891
395.248
402.66
415.613
417.901
417.765
371.301
409.198
418.874
419.854
411.124
411.811
412.17
412.113
411.254
412.633
413.014
413.124
410.106
413.319
413.156
412.917
413.629
413.513
413.977
414.164
413.865
414.157
414.243
414.459
414.969
411.284
414.9
414.287
414.696
377.51
374.793
398.49
402.781
399.088
399.176
407.94
410.195
414.919
396.489
409.994
394.191
393.526
398.355
395.268
396.141
416.99
415.793
417.279
415.764
414.549
416.883
417.243
417.323
416.137
417.1
410.64
417.472
417.625
417.065
416.969
415.785
416.041
408.33
416.266
416.401
416.361
416.839
416.396
416.241
408.073
394.576
402.361
416.853
416.712
406.422
413.5
416.562
416.889
415.373
414.918
415.332
417
416.095
410.582
415.388
416.487
417.167
416.207
416.995
417.44
415.8
417.237
418.54
418.244
416.278
417.499
418.288
417.841
417.629
417.734
391.873
417.098
418.019
415.901
418.349
418.941
417.851
414.933
417.425
417.714
416.313
417.158
417.284
416.39
418.524
417.626
417.618
418.315
417.799
416.462
417.66
417.767
416.856
418.525
416.302
417.665
418.247
419.553
418.744
419.021
417.372
418.85
418.739
418.091
418.621
418.846
419.052
418.958
406.348
419.42
419.573
409.962
409.041
419.958
418.783
419.831
419.702
419.906
427.826
427.548
427.76
422.423
428.17
427.137
426.94
428.048
428.737
422.819
427.492
428.348
420.673
420.097
421.01
427.229
428.639
425.544
421.468
420.331
420.653
420.155
426.297
411.051
417.492
420.751
418.932
420.043
426.571
427.638
420.185
419.434
420.224
420.242
414.45
413.636
428.098
426.943
419.931
419.402
420.157
419.5
419.7
416.314
426.826
416.293
420.089
406.724
427.477
413.871
427.689
426.233
419.508
422.958
418.937
420.684
420.482
419.909
413.765
422.732
421.354
420.59
421.781
418.664
420.87
420.765
420.044
412.293
420.978
421.091
419.405
417.347
419.198
420.273
421.244
418.913
421.765
420.973
419.934
420.351
421.989
421.589
421.965
417.383
421.546
421.194
420.395
420.841
422.053
400.033
412.732
421.092
420.204
419.106
419.156
420.867
421.747
419.911
420.358
420.548
419.748
420.525
421.59
421.351
422.14
418.255
420.796
419.483
418.489
417.263
422.455
416.277
421.426
420.982
419.726
421.293
421.472
420.956
419.719
419.523
421.812
422.25
418.212
418.997
423.83
420.675
420.315
427.663
429.798
421.828
418.882
424.388
426.613
418.614
418.616
417.705
409.992
421.282
414.862
425.368
422.002
418.798
422.67
419.852
419.497
420.513
416.371
424.597
422.102
420.005
420.364
417.658
429.359
426.478
417.933
421.684
420.596
430.586
424.124
417.281
420.586
419.821
420.187
421.866
418.821
422.318
415.622
421.802
419.758
426.499
421.222
418.118
420.172
412.758
420.757
419.157
420.804
418.916
420.809
418.518
419.019
420.32
420.923
429.204
425.284
418.053
418.273
420.829
418.997
421.151
410.441
421.68
421.694
422.39
422.667
422.617
421.326
421.939
421.005
422.101
421.228
417.919
422.548
418.329
420.028
421.311
422.404
422.315
421.754
421.557
422.999
428.777
424.443
422.372
420.674
418.322
422.398
420.197
420.383
419.62
421.16
420.735
430.418
423.811
421.176
420.35
421.349
420.853
421.719
420.945
421.187
421.949
420.947
417.526
421.089
421.227
419.178
421.448
421.137
419.992
421.365
421.411
421.386
418.894
421.234
421.118
421.392
421.734
421.274
420.41
421.397
421.288
420.658
421.032
421.704
420.126
421.274
420.707
421.789
420.115
419.13
418.748
419.945
418.537
420.018
419.68
420.171
415.984
424.672
420.066
420.909
421.027
421.927
422.262
422.363
422.611
422.622
422.268
422.462
422.431
422.851
422.072
419.585
422.089
422.06
422.063
422.426
422.053
422.124
421.173
411.834
422.51
420.852
421.715
422.115
422.134
422.023
420.763
421.3
418.855
418.406
422.026
421.81
421.914
422.043
421.472
421.759
421.808
421.83
422.032
417.458
422.087
421.151
422.129
421.648
420.891
422.203
424.865
420.73
420.772
424.621
421.922
421.481
421.358
421.397
421.38
422.017
422.092
412.795
420.34
422.294
420.341
419.12
418.278
421.871
422.293
421.037
422.413
422.297
422.543
421.333
422.422
420.189
421.843
422.342
422.697
422.839
422.295
425.613
421.161
420.684
422.106
422.388
419.686
418.598
418.615
421.586
420.751
422.156
421.539
421.916
421.869
422.051
421.762
421.49
421.391
418.98
420.688
422.131
422.816
421.848
421.458
420.602
421.524
420.612
421.601
422.151
420.143
416.768
411.99
415.981
420.956
421.186
421.243
420.807
420.933
419.802
420.177
354.562
403.12
419.633
419.685
420.349
421.391
420.704
411.453
421.857
421.253
423.954
421.95
421.367
421.771
419.812
411.724
421.745
417.243
419.52
421.722
421.895
421.69
418.714
419.697
423.933
394.791
420.277
420.086
421.123
422.163
415.054
422.436
422.459
418.333
398.192
391.232
354.89
420.01
420.998
417.911
420.123
420.703
421.801
417.27
415.921
420.739
420.656
420.478
411.094
421.943
418.34
421.093
420.607
419.724
422.147
421.976
419.527
418.637
419.597
421.285
421.635
419.17
421.362
417.647
420.487
422.06
421.881
422.027
417.671
421.981
422.575
422.214
422.093
421.642
422.537
421.786
420.737
422.724
413.821
419.994
422.435
411.777
415.836
421.65
414.819
418.773
420.704
415.974
422.032
422.012
422.842
413.398
420.665
421.511
421.771
421.618
420.595
421.093
421.349
421.982
413.86
421.919
421.701
421.762
422.103
419.821
422.105
422.09
419.822
415.186
421.33
422.229
421.169
419.15
422.116
422.488
420.482
419.386
423.243
422.504
422.276
421.044
421.81
422.221
422.686
422.279
422.006
421.833
421.367
422.01
417.579
422.041
420.873
422.946
421.946
422.882
421.794
422.089
421.996
422.87
421.207
421.998
422.09
422.517
422.494
421.468
421.484
420.765
420.411
416.504
421.998
421.941
422.444
419.794
422.214
421.957
421.656
418.814
421.456
421.136
422.343
421.003
422.374
420.886
421.195
422.597
422.078
422.392
418.164
422.896
421.573
422.55
422.03
422.816
422.921
422.379
417.99
422.532
422.831
420.4
422.972
422.808
422.467
422.139
422.321
422.148
419.056
417.207
423.328
422.736
423.071
422.884
422.503
420.253
420.8
422.083
422.004
422.514
422.568
421.335
421.585
421.863
420.867
420.949
422.925
421.725
422.719
421.433
422.795
417.624
421.071
422.731
422.141
421.452
422.758
422.142
419.302
422.204
422.998
419.883
418.912
422.872
421.935
420.868
422.732
421.956
422.846
420.642
418.956
422.613
419.804
422.071
422.8
408.659
409.411
372.897
408.696
422.347
422.975
420.587
421.641
422.31
418.833
422.422
422.441
421.646
421.709
421.858
420.195
421.981
423.069
420.001
422.957
422.791
417.419
422.049
422.195
422.263
421.405
422.299
422.56
421.099
422.077
422.763
422.565
421.839
421.677
422.619
420.913
422.532
422.924
421.235
422.366
422.605
420.437
408.671
422.13
421.424
422.765
421.533
421.811
422.775
419.59
422.602
422.019
421.36
422.219
422.283
420.389
422.382
422.067
421.322
422.823
421.934
421.111
419.084
422.681
421.623
422.846
420.267
422.083
421.813
418.942
421.945
419.764
417.657
421.311
422.211
422.443
421.333
420.43
422.678
422.896
422.951
421.974
420.366
422.816
422.222
422.387
423.045
421.67
422.49
421.825
421.834
423.362
422.392
421.928
422.126
419.63
422.254
422.141
422.562
422.27
420.804
422.799
422.076
422.93
421.711
421.513
422.051
421.819
422.61
423.01
421.141
419.325
419.674
422.032
423.033
422.518
423.017
421.469
422.517
422.069
420.459
422.977
421.263
422.599
422.193
422.429
420.821
419.497
421.647
420.5
422.224
422.778
421.689
422.351
416.664
422.358
420.657
420.851
422.58
422.554
422.093
422.001
422.298
421.038
422.465
420.51
422.999
421.729
419.76
422.085
421.158
422.221
420.406
422.255
421.805
421.353
419.65
422.803
421.735
419.764
421.596
418.867
419.865
418.945
422.354
421.049
422.384
421.406
421.924
422.93
421.256
422.168
420.189
421.951
420.63
422.028
420.232
422.49
421.714
422.165
421.97
422.099
421.087
421.201
421.726
421.974
422.217
