151.707
240
320.256
327.332
353.982
327.773
360
308.695
324.006
330
345.018
343.948
347.452
354.453
362.642
360.934
365.599
368.431
369.247
354.784
368.013
371.067
375.528
378.182
362.706
377.991
385.547
358.452
381.538
390.951
378.535
389.705
374.815
372.654
370.427
382.575
376.19
383.618
399.795
399.115
398.75
400.771
402.877
394.921
394.141
375.353
403.777
403.571
404.351
404.111
405.545
405.239
391.33
386.913
391.464
400.223
386.396
388.301
392.845
389.732
390.108
399.044
393.15
390.298
385.358
398.916
406.677
410.409
411.237
407.942
384.765
412.171
412.511
412.671
413.264
413.256
413.039
413.749
413.342
413.189
414.211
413.819
414.864
414.507
414.178
412.261
414.665
411.077
414.594
415.484
412.379
415.749
415.876
416.162
416.41
413.827
415.726
413.398
416.674
416.068
415.396
417.521
416.297
416.722
417.209
417.186
412.57
415.957
414.631
418.263
405.181
417.907
417.6
413.672
408.204
396.961
400.177
411.427
401.659
383.968
407.219
416.697
418.025
418.627
417.127
418.543
418.423
415.506
418.899
418.566
415.813
411.792
410.476
408.965
404.896
415.82
419.088
417.447
405.807
419.583
419.437
420.031
416.628
416.904
418.38
404.12
403.914
411.286
398.417
397.81
396.535
397.475
398.526
400.469
412.873
420.144
416.242
410.696
420.343
420.819
414.672
410.63
419.468
370.239
371.111
420.998
418.363
361.166
376.951
419.734
419.53
420.639
417.839
419.654
418.487
414.359
419.536
419.634
417.447
407.824
403.577
419.502
412.679
419.805
418.335
411.894
413.443
416.76
419.133
419.208
415.261
404.405
405.783
399.008
419.23
415.436
419.775
416.627
419.725
419.921
412.925
408.822
405.609
414.859
418.692
419.462
418.948
419.565
419.768
416.103
409.656
407.596
416.435
420.502
417.15
377.843
372.699
403.011
383.369
388.002
412.014
416.014
419.127
411.484
414.506
418.639
401.612
416.851
414.498
417.81
420.335
418.876
420.701
403.835
400.199
418.545
417.406
420.721
399.31
398.726
372.249
399.952
416.041
419.628
421.13
419.185
408.891
413.982
420.465
419.959
419.585
419.607
415.847
419.038
420.525
417.21
419.89
420.464
420.511
420.775
420.73
420.079
419.309
419.209
417.72
415.887
419.394
420.363
420.402
420.57
418.727
419.715
413.879
420.586
399.562
413.927
420.823
419.845
415.934
416.584
413.525
410.305
406.913
413.032
416.739
410.874
419.984
417.355
418.199
417.707
414.901
420.932
417.64
418.617
416.398
416.572
418.332
420.645
418.007
404.571
420.943
419.123
420.952
411.334
417.826
419.03
421.018
415.271
418.359
419.598
421.646
416.203
419.495
420.917
419.95
420.792
421.078
421.18
419.337
421.431
411.82
411.476
411.402
420.346
421.106
419.614
420.447
419.108
418.012
414.758
418.512
418.541
419.123
421.074
417.253
415.646
418.574
420.612
419.892
417.997
420.854
417.578
419.068
420.978
419.211
414.933
420.252
421.498
414.13
418.838
419.923
414.574
414.479
407.267
410.443
421.753
418.931
415.889
419.412
421.663
418.779
422.105
421.873
421.511
420.496
421.66
417.233
421.866
419.169
418.173
420.504
421.873
420.348
422.886
422.051
420.287
422.168
408.596
422.025
422.399
421.839
418.559
422.345
418.88
422.038
402.464
414.917
419.903
421.619
419.031
421.254
415.781
421.812
420.432
418.397
420.487
418.922
421.402
422.131
416.579
419.119
416.39
420.142
421.037
415.93
420.229
416.369
420.124
420.701
422.237
419.161
415.526
419.501
414.336
419.75
420.972
420.543
422.063
416.936
418.973
407.439
414.146
408.791
411.588
399.505
399.818
406.881
419.761
421.322
422.07
422.355
419.147
421.432
412.641
420.999
419.836
419.633
415.685
420.862
414.439
421.232
419.06
422.379
420.32
419.327
419.476
421.41
407.378
420.927
420.416
421.84
403.012
411.383
422.027
420.696
420.272
421.563
417.433
418.799
420.392
419.797
422.319
422.424
419.639
421.472
422.274
421.086
417.908
421.086
422.379
421.908
421.556
421.376
422.442
421.504
419.252
421.231
413.797
405.782
418.673
421.387
420.118
404.358
421.851
412.024
420.829
421.416
420.585
416.292
406.342
399.035
403.275
416.097
420.883
420.95
421.087
421.633
420.209
419.624
421.053
417.378
421.294
420.392
421.309
420.459
421.769
421.563
420.002
411.461
412.396
407.98
402.808
412.923
401.932
402.548
402.691
402.31
403.131
402.843
421.203
422.018
421.57
420.245
418.777
421.597
422.173
419.123
419.926
422.831
420.268
420.145
422.441
421.929
414.793
419.789
421.906
418.777
419.245
408.822
418.468
421.547
422.449
421.068
421.857
417.427
411.478
413.365
421.457
421.549
419.869
420.622
420.798
421.2
420.065
417.35
405.992
413.358
406.67
400.725
402.165
391.021
402.13
417.731
417.234
417.499
422.467
408.68
399.74
405.37
419.875
421.934
421.26
405.705
397.689
404.662
407.792
422.529
417.815
399.776
419.824
419.114
419.235
418.455
422.033
420.836
421.825
420.275
421.499
422.131
420.409
421.955
418.63
422.111
421.556
416.598
406.996
406.081
419.322
421.477
419.981
416.211
421.461
422.364
422.624
421.727
422.018
414.802
416.217
417.338
420.385
421.182
422.942
423.145
422.857
422.934
417.761
421.292
410.017
419.494
421.196
421.839
408.889
407.971
421.672
420.875
423.099
423.12
415.635
412.353
417.198
412.238
387.123
360.058
422.858
422.129
423.059
422.876
410.622
422.235
422.286
423.271
423.551
422.67
422.109
423.489
416.983
423.647
419.743
421.644
420.933
421.039
420.422
422.587
421.603
420.939
423.122
423.129
422.84
423.555
423.429
423.12
418.337
421.837
421.825
420.36
421.424
422.723
421.968
416.522
423.172
423.357
422.749
422.343
418.667
421.446
420.425
421.843
418.203
422.72
417.267
420.379
421.555
423.07
423.238
423.163
423.089
422.865
421.278
420.859
422.355
420.932
422.679
423.552
421.196
421.516
412.922
409.638
406.259
418.552
419.278
422.852
420.136
420.607
421.161
418.711
407.016
418.97
415.742
420.705
413.709
420.29
421.402
422.03
406.073
401.582
402.51
419.269
418.949
421.326
421.007
419.361
414.098
400.344
422.142
421.142
421.871
402.81
403.756
421.814
421.977
423.483
423.743
423.607
422.119
422.632
422.543
421.774
418.021
413.463
421.167
423.328
422.366
419.577
420.763
418.294
417.592
420.963
421.048
423.325
413.987
407.634
409.758
421.633
422.167
399.987
402.71
411.942
409.004
422.076
420.602
421.812
406.393
422.077
421.613
423.157
418.483
410.08
413.327
422.077
419.644
421.432
421.367
411.346
420.452
421.096
411.603
422.869
422.163
410.212
410.017
404.162
406.57
419.789
412.934
405.684
422.242
422.308
423.139
422.818
420.672
422.538
422.215
421.818
423.473
422.281
420.761
421.186
420.889
422.26
422.654
421.696
422.374
422.554
411.113
420.988
419.477
421.679
421.31
422.626
422.262
421.913
413.662
421.844
409.801
418.046
420.361
422.332
422.262
421.166
421.494
421.102
422.201
419.334
418.768
421.454
422.285
421.549
422.816
416.799
416.342
421.82
422.295
421.752
422.467
414.991
417.771
422.543
422.411
416.024
415.119
422.184
407.572
423.024
423.289
423.161
417.941
421.224
421.908
419.586
422.586
421.864
423.085
423.183
422.12
418.752
421.787
415.658
420.301
423.104
423.54
423.696
422.855
423.872
422.694
423.043
421.703
409.926
409.52
421.251
424.146
422.814
424.074
423.987
422.354
421.244
419.597
420.197
421.84
421.594
417.581
421.433
422.168
422.146
420.404
421.256
420.366
420.973
408.935
408.099
413.242
422.303
420.282
422.458
424.017
410.607
411.929
417.057
421.891
423.38
423.849
423.869
422.108
421.315
421.346
420.884
422.168
413.589
422.894
413.544
422.662
414.376
422.601
422.768
396.968
312.011
397.483
418.624
412.864
413.026
420.905
416.22
412.014
401.462
423.441
423.445
422.582
422.874
416.551
420.621
421.082
423.213
423.483
421.113
423.366
420.426
423.256
423.974
423.011
424.168
423.503
422.305
422.887
413.585
404.1
406.619
421.815
420.787
421.002
406.793
413.876
423.399
420.001
410.462
421.578
423.367
417.243
421.801
423.891
423.611
420.472
420.602
422.114
422.396
421.484
422.181
420.746
423.38
419.788
423.586
423.966
424.186
412.498
420.683
422.915
423.882
422.912
423.952
423.516
422.134
422.038
419.79
421.542
423.217
422.731
422.126
419.775
420.554
420.272
422.817
423.541
422.83
423.246
422.168
421.628
423.893
423.052
420.471
419.159
422.868
423.466
424.087
421.749
424.111
423.008
424.41
421.537
423.799
423.742
421.691
412.481
414.16
410.643
412.728
414.105
424.03
423.555
423.655
423.281
419.084
413.054
424.041
420.046
423.584
