174.8
346.769
376.211
387.519
392.377
390.756
391.218
401.238
401.619
397.639
402.621
402.702
403.289
402.604
397.45
397.977
394.955
389.286
386.016
393.393
390.409
389.849
385.359
389.939
390.902
389.028
390.119
390.87
379.586
384.347
387.72
386.132
393.433
393.999
393.803
396.383
394.686
388.254
385.299
388.612
388.112
387.781
387.768
388.02
388.32
387.623
383.619
385.02
380.784
383.393
380.367
378.389
377.333
381.86
380.782
378.344
377.107
381.993
368.954
369.199
370.145
365.821
358.883
367.081
372.455
364.383
370.146
368.97
363.949
348.44
319.291
319.235
324.149
322.235
