151.611
353.344
367.589
378.32
391.433
399.101
399.297
400.21
403.256
410.241
411.012
410.011
404
406.239
409.996
407.769
409.232
408.45
367.021
391.048
388.842
387.389
389.226
388.058
384.87
386.791
385.484
387.185
401.095
394.611
397.139
392.28
399.443
398.306
400.804
376.098
393.596
381.649
389.494
386.721
385.517
387.804
384.848
388.091
384.504
349.211
378.294
376.77
377.995
382.066
379.2
370.252
376.341
374.213
369.521
369.86
365.864
352.955
370.809
374.775
376.658
380.141
383.652
375.877
387.524
389.892
389.781
389.205
392.285
388.293
385.753
389.404
394.338
391.383
