25.9572
42.3131
47.9904
48.9956
56.4706
67.2108
62.9426
64.493
73.828
75.42
73.8462
80.0246
81.9672
82.7586
86.2766
85.0213
87.2516
87.6788
91.5332
92.511
92.6511
94.3783
94.4138
92.302
93.1232
96
94.6426
97.3481
98.6193
97.9154
99.7351
100.273
98.9379
102.489
99.8752
100.914
103.051
102.308
101.048
101.965
105.066
103.714
103.02
104.336
103.174
103.025
104.28
105.015
103.928
105.514
106.209
103.84
136.45
136.782
135.086
136.822
138.458
138.824
137.788
136.833
137.778
138.097
139.01
138.667
138.933
139.25
140.091
140.358
139.428
139.093
138.768
140.709
140.952
137.931
140.312
140.025
139.697
141.488
141.706
139.86
141.087
140.297
141.976
141.69
141.378
141.532
140.766
141.449
141.643
141.811
142.47
140.824
171.564
171.434
171.306
169.329
171.06
170.925
172.652
173.138
173.617
174.71
174.555
173.21
173.061
174.694
173.955
173.83
174.244
174.118
172.853
173.3
174.82
174.692
174.528
174.953
175.36
174.666
176.134
174.944
174.798
173.643
175.067
173.913
51.2988
144.466
142.539
145.344
145.789
144.233
146.65
143.784
146.184
144.966
145.712
146.446
144.943
146.316
145.145
144.297
146.581
144.51
147.059
147.455
145.389
145.79
146.173
146.538
146.341
146.73
144.783
146.601
186.678
186.927
187.196
186.074
186.805
188.915
185.507
187.569
185.588
186.275
187.439
187.245
187.042
186.426
188.415
124.037
185.024
182.41
185.115
183.311
187.278
186.677
186.906
187.143
187.368
186.381
187.813
184.845
188.279
188.107
187.506
188.142
188.374
189.377
188.783
141.092
186.129
187.494
190.033
189.058
189.268
187.572
185.932
188.373
190.083
188.411
187.503
186.258
188.266
188.469
187.949
187.078
186.215
180.976
186.271
187.159
189.13
187.898
188.444
186.916
188.472
188.663
188.178
186.667
188.207
189.742
189.255
122.921
188.279
187.466
188.307
189.147
137.658
188.844
188.041
189.507
189.371
188.587
186.841
185.465
190.375
188.626
189.741
187.1
184.26
188.382
189.163
187.797
187.954
188.431
190.439
188.165
188.023
191.221
189.849
188.223
189.573
190.036
189.895
189.463
189.312
189.471
190.519
189.78
189.65
191.257
190.532
188.959
189.683
189.83
190.277
189.563
189.722
189.584
230.132
231
231.016
230.217
230.665
230.691
230.33
231.979
231.631
230.019
231.657
232.094
231.328
231.762
230.59
231.796
232.634
231.472
231.111
232.7
231.548
231.97
231.223
230.861
231.278
232.088
231.715
230.235
232.54
232.558
232.205
232.233
231.134
232.666
231.933
232.71
231.981
233.502
232.029
232.057
232.085
231.747
231.412
232.523
231.815
232.222
231.871
231.908
230.859
230.898
231.618
232.702
233.44
231.694
231.38
231.741
230.753
232.5
231.822
232.889
231.54
232.929
231.913
233.296
231.965
232.323
232.688
233.035
232.719
232.078
232.446
233.118
231.813
232.503
232.851
233.206
231.595
233.566
231.299
233.269
232.971
232.334
232.042
230.777
233.051
233.388
231.812
233.1
232.505
233.455
232.52
233.504
231.951
231.968
233.541
233.877
232.96
232.373
232.366
232.706
233.34
233.663
232.463
232.485
232.515
233.125
233.145
232.551
233.186
232
231.717
232.644
232.943
272.542
272.031
271.959
272.669
272.143
271.687
271.189
271.89
271.781
272.489
272.797
270.737
272.208
272.9
272.79
273.509
273.388
272.921
270.518
272.721
272.252
271.392
270.943
272.733
271.121
274.863
271.714
272.372
270.047
270.315
271.368
267.994
269.697
272.602
272.131
270.939
271.945
271.517
273.633
273.171
272.351
272.258
272.543
272.074
273.453
272.283
271.473
272.464
272.053
272.661
272.561
272.504
272.045
270.54
272.232
272.509
270.999
273.033
274.015
273.224
272.449
273.05
273.305
273.231
272.438
274.462
272.627
273.588
271.43
272.381
126.006
270.853
274.545
273.066
272.316
273.275
272.162
273.433
274.382
273.956
274.209
272.784
272.009
273.94
272.855
315.943
314.828
314.189
313.084
315.521
314.451
313.809
310.164
314.699
314.903
313.85
314.478
314.298
315.401
313.05
314.986
315.662
313.728
316.102
313.743
314.818
313.355
314.008
314.207
313.62
315.097
311.56
313.026
314.9
313.043
316.175
201.66
315.38
313.501
313.352
314.363
314.595
314.788
315.839
314.789
315.019
315.642
315.019
314.858
224.378
313.651
316.293
314.502
314.681
312.14
315.124
314.937
313.911
314.965
315.132
314.177
315.56
315.764
313.998
313.826
315.187
315.012
314.435
315.811
315.242
313.136
315.643
314.677
316.051
314.697
315.294
315.095
314.592
315.094
315.347
315.94
315.336
315.157
315.371
315.951
315.015
356.712
356.899
357.096
354.827
356.9
356.118
354.851
355.984
357.603
356.776
356.491
358.06
357.749
356.484
357.587
356.837
356.498
357.664
356.872
357.008
357.661
356.84
357.468
357.154
356.418
356.575
355.79
358.75
356.578
358.12
357.818
357.983
356.769
355.556
357.077
357.703
357.395
357.547
357.241
355.572
357.567
356.861
358.338
357.587
355.895
358.354
357.584
356.864
357.895
353.625
355.082
356.579
356.739
357.324
357.016
355.435
354.279
357.048
358.073
359.111
358.366
358.533
356.934
356.642
358.106
358.272
357.977
355.921
357.402
357.547
357.681
356.968
357.535
358.133
358.7
357.564
357.686
358.291
357.133
357.704
373.86
400.319
399.898
399.987
400.076
398.11
400.304
398.868
400.05
400.164
399.724
398.725
398.864
398.978
393.965
399.167
399.789
397.322
400
395.506
399.186
396.233
246.459
400
398.58
396.148
400.835
398.38
399.976
397.094
398.182
400.816
399.903
397.938
398.109
399.686
399.783
397.891
398.992
400.072
399.712
399.319
399.892
400.994
399.096
399.216
398.815
399.396
400
400.593
399.21
401.778
399.882
400.955
398.642
400.693
398.355
399.463
400.983
399.139
396.846
400.337
435.717
438.095
437.577
435.357
437.666
438.353
435
438.494
436.744
438.525
432.335
437.5
438.125
435.917
435.388
437.729
437.766
438.959
438.994
439.642
438.575
437.488
437.512
437.575
437.638
436.017
436.069
437.225
436.198
438.487
437.947
437.451
439.741
434.207
439.3
436.565
436.615
437.27
436.165
436.268
434.109
438.557
438.052
439.191
435.454
439.297
435.556
437.756
436.185
437.865
437.939
437.973
434.821
437.01
434.414
436.031
438.79
438.282
438.87
436.266
432.61
436.936
434.833
473.06
473.109
472.446
473.072
475.606
476.235
476.88
474.969
473.166
475.061
474.353
474.975
475.642
475.037
473.819
472.596
475.66
471.403
476.294
474.447
475.692
476.308
473.279
475.708
476.337
473.911
473.913
476.949
473.934
474.541
473.337
473.971
472.816
474.593
476.407
475.127
476.435
473.931
475.245
473.412
474.607
475.805
473.45
364.47
475.82
475.807
476.418
474.043
472.925
475.244
472.905
475.274
473.54
472.39
473.547
470.088
472.404
474.167
473.587
474.144
471.901
471.879
467.924
492.7
507.368
509.256
507.303
507.262
400.4
504.563
507.784
507.101
506.422
508.334
504.427
507.611
508.24
508.199
507.49
508.148
508.728
510.636
509.313
509.271
507.96
509.837
507.218
509.117
507.798
494.662
505.235
508.306
504.528
508.975
506.906
508.236
506.284
506.881
507.463
509.322
509.935
506.728
509.228
507.916
509.16
507.867
510.988
509.671
507.105
509.001
508.93
507.632
507.623
508.196
508.156
506.899
508.733
507.43
509.263
506.749
507.331
507.942
507.314
509.106
510.266
505.971
507.808
507.711
507.673
508.866
507.626
508.187
508.177
508.124
505.679
509.287
509.876
508
508.542
507.924
506.099
546.746
548.046
548.642
547.895
547.085
548.43
546.904
547.529
547.454
549.447
547.987
549.26
549.2
546.293
546.254
547.565
549.544
548.738
550.038
546.484
548.546
548.438
546.285
547.552
546.81
548.731
547.97
548.582
546.458
548.418
548.311
548.238
548.815
547.378
547.969
547.913
549.168
548.414
550.35
549.577
548.791
548.75
551.362
547.881
546.515
547.753
547.634
549.611
546.791
546.753
550.031
548.566
548.494
547.755
549.718
548.961
549.476
548.056
549.981
546.592
549.153
547.097
550.321
548.259
549.479
549.391
549.948
546.604
549.143
540.708
546.398
548.241
546.882
548.085
548.637
547.945
547.845
547.111
548.355
547.606
546.875
547.452
549.946
548.592
548.445
547.163
550.278
546.936
548.827
548.772
546.703
547.915
556.23
566.114
568.058
568.649
567.836
567.059
562.94
564.84
569.479
568.699
568.571
568.461
548.782
564.256
567.469
567.36
569.964
567.159
569.078
567.649
570.909
568.763
567.964
566.579
567.093
569.046
471.592
568.124
567.396
567.956
569.873
566.964
568.283
567.574
568.734
566.022
567.901
568.409
569.678
568.905
