19.6175
35.9928
42.6439
54.7046
60
60.0086
61.9195
68.5714
73.8825
73.2845
80
78.0312
81.8953
80.9061
84.3882
87.7872
90.9091
111.209
112.931
123.023
121.379
121.308
120.03
121.183
117.727
124.596
123.348
123.247
126.369
125.076
124.878
125.714
129.499
126.331
127.029
131.556
133.123
130
132.45
132.109
133.503
125.86
133.657
134.993
133.779
132.712
133.947
135.098
137.155
134.494
137.131
135.308
137.843
134.688
135.758
135.408
136.438
136.812
138.456
138.778
138.424
138.067
138.348
139.306
138.321
139.235
135.986
140.903
139.414
138.537
138.236
139.593
139.268
141.203
139.245
140.549
140.743
139.947
140.659
139.836
141.087
140.785
141.952
142.164
172
173.29
171.007
171.566
169.396
171.958
172.495
173.023
172.889
172.07
174.561
170.564
174.207
172.805
173.28
172.517
173.617
174.71
171.546
173.798
173.642
173.518
173.383
174.4
173.68
174.118
172.853
176.108
174.245
174.137
175.094
174.953
173.747
175.75
174.533
174.427
175.325
174.147
174.55
175.439
120.006
144.13
143.554
143.685
144.774
144.887
145.31
144.762
144.552
144.64
143.158
143.268
144.639
145.375
144.83
144.29
143.196
143.308
144.906
144.703
143.899
146.101
144.991
144.191
146.042
145.507
144.48
146.272
144.655
144.462
144.827
184.695
182.743
185.228
182.43
185.762
186.937
184.965
184.789
185.05
186.611
186.853
186.242
186.483
185.438
186.977
185.105
184.948
184.782
186.249
186.5
186.729
184.945
186.799
188.235
187.245
187.07
186.897
186.329
186.954
186.775
185.839
186.823
185.512
188.035
186.332
187.326
186.771
187.358
187.59
187.784
186.863
187.464
186.933
186.776
188.07
186.107
187.746
187.94
186.009
187.256
187.832
188.023
187.167
188.063
186.519
187.403
187.938
187.448
187.642
187.826
187.668
187.858
187.028
186.567
187.758
186.296
187.458
189.293
188.151
189.653
187.209
188.041
159.077
186.492
187.295
184.069
184.862
187.831
188.309
187.861
188.028
188.209
187.444
187.926
187.79
183.215
187.522
187.996
187.855
187.729
188.19
186.578
186.755
187.793
184.22
188.411
189.748
186.422
188.602
187.601
188.34
187.643
188.652
186.835
186.709
188.259
187.857
187.727
188.451
188.599
188.746
188.07
186.585
188.93
187.986
188.666
188.282
187.89
187.765
188.718
188.872
188.743
187.816
187.454
188.908
188.264
188.931
189.075
189.218
187.793
189.483
189.368
188.482
229.331
229.749
229.777
230.174
229.463
229.876
228.801
230.322
230.713
230.372
229.656
231.165
229.379
230.488
230.521
230.18
229.506
230.264
230.643
230.683
231.059
229.317
229.344
230.079
228.713
229.433
229.835
229.86
230.243
229.241
229.951
231.002
230.337
230.032
229.04
231.111
229.788
230.493
229.837
229.212
230.23
230.59
231.302
230.314
231.022
230.051
230.074
230.427
229.471
230.479
231.159
229.244
230.559
231.233
229.977
230
229.702
231.333
230.708
231.694
229.508
231.416
230.186
232.107
231.199
229.96
230.6
229.715
229.73
229.76
231.021
231.344
230.141
229.878
230.489
231.144
231.763
230.876
227.934
229.428
230.659
230.664
231.595
229.242
229.871
229.302
230.795
228.201
229.376
230.556
228.283
228.602
231.221
231.245
227.832
155.298
230.737
231.328
231.069
230.806
229.689
229.986
230.304
231.742
230.916
230.106
229.565
230.412
231.564
231.023
230.494
230.519
229.164
230.562
230.857
231.158
230.911
231.467
230.151
231.781
230.986
231.817
231.571
230.784
232.147
231.359
270.2
265.107
268.586
271.787
269.516
270.158
266.179
269.272
270.996
269.85
270.099
266.201
269.589
266.03
271.576
269.729
269.992
269.925
269.156
269.425
268.663
271.016
270.588
269.805
270.096
270.337
269.611
270.526
270.823
269.697
270.985
269.887
270.834
270.417
271.354
269.592
269.176
269.45
271.061
268.96
270.543
270.486
271.062
269.667
271.25
270.492
269.773
270.689
269.634
271.533
270.145
272.034
269.678
270.559
270.815
269.79
270.689
269.339
269.901
269.825
270.708
270.946
270.875
271.758
270.445
271.001
269.96
270.52
270.769
271.01
270.616
271.801
271.111
270.099
270.958
270.285
269.885
270.137
270.366
271.538
269.932
270.484
269.794
271.572
270.57
270.811
271.66
269.77
270.924
269.628
270.169
270.696
270.926
270.867
269.613
311.671
304.526
313.263
312.709
312.093
311.143
312.142
313.531
311.412
312.387
248.101
312.435
305.027
312.826
311.897
310.948
310.759
312.5
310.037
312.906
293.289
313.328
311.614
311.053
309.374
312.245
312.427
313.036
309.477
308.563
311.358
308.612
309.552
309.029
313.299
310.527
312.206
312.402
313.714
311.341
311.141
310.601
310.465
310.312
311.579
310.328
312.711
312.535
312.352
311.813
312.396
311.487
312.786
311.895
311.003
311.203
312.457
312.311
312.852
312.329
312.526
312.705
311.82
312.721
313.3
312.415
312.593
313.492
312.264
313.158
312.66
312.123
312.676
311.458
312.008
312.884
313.418
313.608
312.749
312.931
312.773
312.583
312.081
312.953
313.158
313.33
312.173
313.023
312.851
312.362
353.529
352.821
352.952
354.408
354.61
354.728
351.436
354.127
355.589
354.044
354.203
354.351
349.039
353.371
354.395
354.532
355.108
353.557
354.555
354.701
354.432
353.741
355.573
352.792
355.437
353.912
354.498
352.958
354.007
354.96
353.017
355.246
353.276
356.35
354.828
353.324
354.697
351.196
352.542
353.503
354.056
353.388
354.358
354.899
354.23
353.982
354.909
353.057
354.006
354.988
353.104
354.011
353.738
355.097
354.85
352.992
353.539
353.668
355.419
352.771
354.89
353.859
353.214
353.342
352.692
350.905
348.367
355.47
352.486
354.582
355.083
354.87
351.143
354.718
354.871
354.233
354.367
354.121
354.255
353.247
356.088
353.9
354.805
354.56
352.793
353.29
354.965
354.356
354.451
352.355
367.299
396.369
395.052
395.16
394.785
395.365
389.027
395.098
396.607
392.971
388.538
396.442
287.667
397.605
396.246
394.017
394.146
294.24
394.81
395.356
347.524
396.47
395.2
395.283
396.77
395.493
397.417
396.586
395.783
395.887
395.079
395.162
396.621
395.801
396.359
396.44
396.531
395.76
248.873
394.584
392.483
390.796
393.114
391.456
396.419
392.963
394.381
396.7
395.452
396.879
396.077
394.828
394.07
395.924
393.399
395.232
395.311
396.733
395.94
395.59
397.018
396.227
395.889
396.394
396.502
396.164
397.971
393.766
394.737
396.071
432.804
432.34
432.38
433.451
434.03
433.074
432.101
433.164
432.241
434.832
432.818
432.917
433.466
433.541
435.063
432.577
432.171
429.739
433.283
432.84
434.892
432.438
431.512
434.036
431.603
433.655
433.704
433.253
434.807
433.364
435.897
432.491
433.547
433.075
436.118
432.738
433.718
431.398
434.334
432.479
432.47
433.56
433.574
434.583
432.691
434.689
433.289
431.889
434.853
354.424
431.085
431.628
433.588
434.145
433.223
433.271
434.274
436.278
433.425
433.954
433.508
434.036
433.124
434.164
432.311
432.835
431.944
433.428
434.384
445.638
469.266
471.495
468.214
468.763
469.312
469.848
469.355
469.863
469.423
470.47
469.977
468.846
471.556
471.614
470.529
469.987
470.556
469.468
468.957
466.277
471.129
471.696
471.18
470.109
469.561
469.556
470.13
471.221
470.131
471.22
469.645
470.19
469.149
469.655
470.761
466.557
470.748
472.947
470.773
470.843
473.447
470.791
470.836
470.842
469.244
470.866
470.355
471.929
471.402
472.483
473.529
469.899
469.893
471.467
472
470.463
469.412
470.476
449.626
472.036
472.065
470.501
471.016
469.488
472.071
469.565
468.946
468.55
470.041
470.65
502.314
499.931
503.415
503.958
503.379
503.333
502.145
501.56
505.59
504.393
503.774
504.913
503.738
500.246
497.973
503.048
503.017
503.593
504.709
504.123
504.658
504.032
504.027
500.596
504.541
503.946
504.449
505.598
504.453
503.806
503.856
501.021
504.324
504.851
505.392
503.131
503.074
505.32
503.04
504.698
503.532
502.4
503.497
504.018
504.013
504.533
503.938
503.92
502.223
502.765
498.872
504.358
503.78
503.218
503.732
504.273
503.128
503.112
500.287
501.384
503.642
504.127
506.322
503.539
505.712
502.902
502.899
503.957
502.815
500.658
503.33
503.862
505.441
504.337
505.942
504.823
439.912
501.513
504.197
503.093
496.181
443.001
504.115
502.438
504.611
542.145
542.025
545.103
539.45
543.106
132.428
182.229
534.374
541.571
542.131
531.172
542.556
543.1
131.231
541.771
168.237
539.173
540.92
541.503
537.749
540.091
445.073
539.369
541.135
542.311
544.016
542.773
543.893
540.195
544.353
545.489
544.214
542.311
540.483
544
535.607
469.896
541.399
381.016
