41.7537
75.8054
93.1749
103.573
89.6
97.0453
100.756
103.105
106.879
107.755
109.156
111.145
112.375
112.939
113.433
115.018
115.2
115.884
115.464
117.087
117.504
117.552
117.647
118.676
116.554
119.055
119.486
119.314
119.583
120.182
120.227
120.349
107.146
131.392
132.454
132.902
132.617
133.69
134.381
133.423
134.129
134.364
135.115
123.001
134.25
131.385
128.117
135.375
133.45
134.109
135.61
135.734
135.978
147.486
166.448
166.183
165.064
161.092
167.426
155.066
167.385
158.623
167.841
166.252
167.223
167.09
167.809
181.394
196.605
196.521
196.593
195.74
196.591
195.554
197.231
195.715
197.434
222.405
225.195
226.223
227.657
227.61
227.403
227.445
227.344
227.491
251.985
257.126
257.97
257.815
258.181
258.241
258.186
251.905
246.294
288.498
288.875
288.788
288.847
286.997
289.456
316.3
316.732
316.381
315.42
316.839
316.682
337.727
343.662
343.722
342.729
344.188
343.793
356.367
367.868
367.405
366.95
362.628
369.191
367.118
375.287
395.962
395.978
395.998
396.396
394.622
393.984
396.59
396.644
412.142
411.128
411.574
412.916
418.919
416.744
417.236
418.039
419.397
419.09
427.669
427.383
427.682
426.267
425.724
427.69
425.494
427.018
427.666
427.88
428.058
426.504
427.994
425.916
427.208
419.998
428.598
420.555
428.673
428.441
420.325
420.855
419.572
418.574
415.893
420.468
420.682
420.609
419.634
419.556
419.297
421.014
419.808
419.602
421.16
419.85
419.859
418.754
420.764
420.432
420.223
412.617
408.424
409.38
411.449
420.581
419.69
418.958
419.122
419.426
419.409
419.611
420.461
419.702
420.607
419.25
419.109
419.598
419.647
419.36
419.523
419.857
419.902
420.161
419.764
419.989
420.82
419.96
419.064
419.421
419.625
420.129
413.684
423.388
427.321
426.028
428.1
427.054
428.33
428.299
426.078
421.477
427.077
426.824
427.087
428.245
418.435
428.494
427.068
427.183
428.122
428.421
427.987
424.838
427.685
427.506
421.471
428.833
422.269
412.658
425.753
428.283
428.165
428.338
428.873
428.354
424.946
420.099
420.94
416.615
420.728
419.712
420.351
418.896
420.618
419.425
423.489
428.678
428.838
428.956
426.937
418.882
427.982
426.71
427.73
427.934
426.924
427.476
421.145
428.14
428.563
427.737
426.957
427.21
428.38
426.917
428.48
416.575
428.118
428.686
428.393
428.676
427.861
429.067
427.691
428.874
427.835
427.864
428.481
428.643
428.615
426.828
426.331
428.729
426.984
428.26
428.471
428.732
428.811
424.458
428.88
426.871
428.744
429.098
429.589
428.674
429.8
420.371
427.002
429.073
428.386
429.033
429.281
428.886
428.294
429.596
429.819
429.717
427.057
429.585
429.519
429.119
428.909
429.289
429.999
428.468
412.507
407.487
414.94
429.532
420.475
421.252
419.36
429.709
429.789
428.351
430.06
427.791
428.453
421.341
421.224
416.974
421.604
421.842
421.452
421.387
421.708
421.684
421.771
421.797
421.622
422.101
419.917
429.577
429.885
429.928
429.383
429.197
428.509
427.749
429.563
429.636
429.855
429.771
430.172
428.053
426.804
430.033
429.213
428.302
428.897
430.26
420.815
430.597
429.458
430.141
430.023
429.942
424.908
423.207
429.283
430.272
418.606
430.294
429.369
416.803
420.865
415.807
419.908
420.379
412.042
420.133
421.222
423.042
420.22
421.591
418.644
421.47
420.281
419.271
418.951
419.51
421.918
421.563
422.609
417.133
419.992
420.692
411.532
420.699
419.405
425.947
419.598
420.521
421.881
430.574
426.604
426.262
424.291
424.336
421.104
420.86
422.419
422.105
429.945
429.681
429.286
429.378
427.945
430.333
429.162
430.001
428.028
430.509
428.59
428.991
430.428
424.933
421.293
422.132
421.43
421.103
418.308
422.189
422.218
422.439
421.704
419.464
416.355
421.838
429.495
428.302
429.965
423.663
421.187
418.629
429.762
427.927
429.519
429.445
429.641
430.025
430.489
428.818
429.015
421.148
420.71
422.733
421.642
418.021
418.862
427.746
426.115
428.75
427.656
430.403
429.822
429.89
425.627
429.786
428.459
429.604
430.277
425.233
422.408
422.262
422.032
422.913
422.548
422.983
422.909
422.877
423.297
420.775
421.865
427.499
430.333
431.397
431.005
430.528
428.231
430.953
431.059
425.154
429.835
422.972
424.106
423.203
423.222
422.07
399.711
418.038
418.517
412.687
424.871
427.633
422.778
422.958
422.971
426.465
412.255
419.529
415.47
422.597
421.795
421.957
421.892
424.597
425.155
429.739
429.748
428.809
429.799
428.661
428.406
427.375
425.435
416.768
430.201
427.847
421.098
428.585
422.772
422.064
422.697
420.906
420.679
422.667
422.199
427.025
430.761
426.14
426.207
423.498
423.717
423.375
424.873
429.249
429.545
429.327
422.88
423.212
422.013
429.665
426.86
429.377
422.858
422.963
430.242
428.878
425.51
420.238
422.852
431.486
424.913
422.772
422.441
422.311
421.614
426.931
427.477
423.214
423.36
422.67
421.983
422.879
421.362
425.368
428.297
428.693
426.8
428.15
424.59
425.527
425.977
428.531
423.308
425.177
419.412
423.052
424.619
429.698
428.424
423.949
422.872
431.397
426.443
424.482
428.752
422.952
424.503
422.564
426.878
425.046
424.855
428.907
424.122
426.497
423.909
422.265
425.363
425
424.604
423.793
426.727
424.314
423.904
426.942
423.057
422.929
423.141
422.522
422.262
424.996
427.453
425.249
423.523
424.855
422.611
425.864
423.067
422.373
422.964
422.411
420.915
425.927
423.674
422.12
429.546
426.732
429.517
430.455
422.78
430.32
426.377
422.575
424.133
424.802
421.772
420.809
419.738
416.069
423.371
419.99
422.166
421.964
427.852
430.306
426.136
425.189
424.843
420.772
423.257
422.91
420.908
431.607
422.776
422.594
422.8
424.345
429.393
426.385
425.396
422.508
421.96
424.468
425.772
424.578
424.491
423.663
420.396
422.911
422.945
431.008
426.832
423.675
424.576
422.82
422.642
423.349
423.386
423.893
422.272
420.737
423.462
423.126
418.339
422.903
423.206
423.796
423.54
422.658
423.146
422.301
421.416
423.982
425.491
423.896
421.875
423.891
423.117
418.189
426.892
423.883
421.81
422.883
424.272
423.852
418.816
422.478
422.879
423.471
423.95
421.241
422.549
416.867
423.497
422.833
422.988
421.476
422.099
423.921
423.721
425.099
419.275
424.237
424.213
425.72
422.169
429.553
424.855
419.004
424.566
424.11
426.226
426.58
421.963
420.447
422.376
423.159
428.028
421.918
425.406
424.606
424.234
422.002
420.312
420.944
420.582
421.428
422.183
422.864
427.305
422.497
421.37
421.403
421.144
421.922
423.059
423.048
421.57
420.775
422.579
423.11
423.855
422.067
421.571
424.346
422.641
424.299
427.664
424.626
422.292
424.015
424.039
427.827
426.652
420.572
422.905
423.343
429.568
422.64
423.148
422.39
422.677
422.969
424.016
422.595
421.099
421.054
421.673
422.706
424.608
422.807
422.875
422.906
420.638
423.696
423.155
423.807
423.528
422.23
422.424
423.967
422.325
422.223
423.037
422.403
422.359
425.094
423.469
423.636
421.874
421.945
422.021
422.174
425.811
426.232
424.832
423.213
425.075
422.792
425.324
422.872
423.515
426.853
424.391
424.043
421.995
424.021
424.099
419.41
421.12
420.849
423.606
422.397
422.604
423.519
425.164
422.072
419.516
421.274
421.912
421.963
424.254
423.508
422.682
423.695
422.736
422.612
423.136
422.423
423.696
423.866
422.687
422.99
424.308
423.88
422.534
424.655
421.842
422.284
421.789
421.01
418.877
422.585
423.034
423.319
421.294
423.88
421.706
421.968
422.173
418.979
416.968
423.197
421.839
422.603
424.446
419.49
422.268
422.202
422.429
422.425
422.731
419.938
422.779
423.123
423.753
421.751
421.172
422.172
423.984
421.87
422.918
422.49
421.525
425.816
422.576
421.223
421.571
423.698
422.267
422.108
423.003
424.98
422.699
421.985
425.283
422.027
421.24
423.254
422.63
422.825
422.441
423.98
423.728
424.021
423.443
424.412
423.499
423.12
421.111
420.663
421.471
420.318
421.347
423.456
422.373
423.615
423.768
422.105
422.558
421.728
422.475
422.973
423.105
422.7
424.585
422.173
363.97
418.775
420.98
412.715
419.286
421.004
422.699
421.341
423.031
422.848
420.851
423.085
423.662
423.711
421.668
422.717
422.17
424.131
424.143
423.431
422.314
421.844
424.22
423.901
424.007
424.311
423.759
423.474
424.176
423.083
424.328
424.199
421.856
423.873
423.606
417.663
423.286
424.278
423.863
423.795
423.625
424.204
424.321
424.406
422.942
424.074
422.6
423.763
423.926
424.067
422.38
423.269
423.902
423.827
424.07
423.689
423.513
423.81
421.857
423.954
422.893
423.794
423.336
422.937
