43.6522
76.8
88.8691
97.9592
88.0319
97.7483
100.467
103.347
106.024
108.308
109.47
110.303
111.875
113.165
112.648
115.293
115.769
115.37
116.733
117.21
117.164
117.656
118.519
118.496
118.774
119.369
109.452
119.553
119.71
119.878
121.09
120.161
120.966
132.283
132.429
132.955
132.295
133.643
135.026
133.921
134.442
134.026
133.859
134.562
128.119
128.777
134.608
109.355
135.07
128.375
135.986
159.24
165.69
166.093
159.967
166.043
166.234
159.669
166.49
166.654
165.728
166.769
166.901
167.17
178.561
195.712
195.755
195.812
194.933
196.411
195.223
196.183
192.96
196.383
218.852
226.196
215.644
226.862
226.872
226.995
227.088
224.692
255.267
257.545
257.63
256.501
257.72
257.729
256.774
255.977
288.222
288.197
288.356
287.243
288.447
288.552
310.092
315.664
301.493
315.771
315.83
309.596
343.15
341.717
340.6
343.525
320.108
343.491
360.886
367.154
366.929
365.685
367.892
367.683
367.888
396.795
393.633
396.666
393.897
396.694
396.613
390.12
396.525
411.026
409.63
410.851
411.75
414.244
415.345
415.778
415.589
415.673
421.106
422.596
422.594
422.933
423.153
423.967
423.927
423.896
424.053
421.841
424.876
424.479
421.547
408.514
423.33
423.964
424.389
424.349
416.494
415.236
416.564
416.807
417.774
415.005
415.382
416.935
417.195
416.244
417.637
419.038
417.23
417.093
419.131
409.59
427.308
425.013
425.973
422.094
424.656
410.448
425.02
419.178
424.173
426.297
425.429
425.992
425.257
421.927
422.352
425.421
420.225
425.834
425.696
425.263
425.596
425.663
424.786
426.863
423.256
425.82
427.166
426.791
427.488
426.956
427.054
427.058
427.063
426.78
426.11
426.901
427.634
427.087
424.475
427.346
427.252
426.16
422.872
425.859
426.57
425.371
426.208
427.55
423.861
427.673
426.006
427.799
426.141
427.517
426.669
427.48
421.698
412.332
424.268
427.964
425.757
426.766
427.972
428.515
426.253
428.864
428.703
429.222
429.03
428.787
427.698
428.686
427.771
427.94
424.311
426.536
428.581
427.547
427.876
424.382
427.924
423.752
427.811
428.343
427.935
428.479
428.078
420.855
429.107
428.235
428.22
428.178
427.976
428.957
410.119
426.023
427.955
428.229
427.687
428.383
427
428.538
428.437
428.096
424.653
427.089
424.617
428.168
428.353
429.362
428.84
427.855
428.672
422.727
429.334
429.022
429.115
429.367
429.904
426.612
428.732
429.574
429.598
418.68
422.568
425.958
428.941
429.649
428.29
429.259
429.558
429.277
429.932
429.357
429.341
423.751
428.586
428.406
428.694
430.109
428.92
423.678
428.433
428.681
411.328
411.111
429.204
430.358
425.551
429.426
428.417
428.622
429.585
428.866
429.141
428.964
427.636
428.503
425.009
428.246
429.137
429.176
428.287
424.358
428.062
429.563
429.177
427.602
429.526
423.833
430.385
429.41
429.567
430.863
429.587
427.807
430.075
428.332
430.124
429.871
430.449
430.286
428.883
428.876
429.945
430.297
415.859
430.248
429.64
429.426
428.919
430.459
430.696
429.401
430.904
429.698
430.603
428.167
430.784
430.257
430.184
429.433
428.119
420.747
430.018
428.907
423.825
419.528
422.397
420.811
421.514
421.571
420.249
421.606
421.3
421.699
420.279
419.489
421.648
415.631
419.222
427.397
429.053
428.578
428.69
428.571
428.784
428.016
429.148
425.531
423.66
428.912
429.173
418.48
426.989
430.217
430.558
430.304
430.267
430.897
426.603
422.096
421.926
419.706
422.995
422.465
422.2
418.997
422.152
421.98
422.421
422.342
422.454
422.904
429.406
430.324
430.089
431.012
417.859
430.43
430.41
431.156
426.905
414.459
429.284
430.611
430.26
430.438
429.931
430.366
421.309
429.68
429.179
429.377
430.168
430.232
429.952
430.336
429.884
428.711
429.065
429.688
424.147
426.536
428.937
429.454
429.032
428.344
429.56
429.069
428.669
429.368
429.608
427.064
423.62
421.649
425.853
422.341
420.812
420.553
419.729
421.43
421.737
415.124
423.862
421.548
420.201
421.414
420.402
419.867
418.71
420.553
415.889
421.98
410.034
421.443
420.829
421.554
421.625
420.452
429.65
425.475
430.16
429.36
429.884
429.65
429.518
429.482
428.821
429.48
430.018
428.705
429.548
428.735
427.91
428.114
428.21
427.689
429.464
430.346
423.903
425.146
429.042
427.63
429.526
428.666
428.617
429.23
420.838
420.2
420.384
419.437
420.728
421.38
422.159
421.044
413.757
421.873
421.324
422.273
421.03
420.535
421.742
421.777
413.078
430.209
394.375
429.444
429.324
429.732
429.968
429.122
430.054
430.135
430.782
430.903
429.846
427.349
430.181
421.694
423.359
421.938
421.729
421.873
421.97
421.204
419.674
429.519
429.506
429.337
428.464
422.939
419.891
420.556
425.159
426.801
424.549
422.311
422.756
423.032
418.953
421.99
422.953
430.498
431.05
430.426
430.741
422.586
430.751
430.593
430.747
430.414
430.447
427.38
430.447
430.224
430.365
430.352
427.237
429.803
427.244
429.151
430.49
430.237
430.57
429.134
427.803
429.119
423.491
430.649
430.739
424.77
430.415
430.161
422.168
422.732
422.251
422.08
422.476
421.106
422.614
423.076
422.682
422.761
420.468
430.766
430.102
427.039
429.304
429.461
424.554
426.681
429.107
427.145
429.407
428.137
420.584
430.044
425.767
427.898
425.842
425.343
420.627
421.106
422.442
421.919
420.793
418.428
421.548
421.541
421.494
422.385
421.611
423.593
422.558
430.027
430.018
429.855
425.488
430.294
427.322
428.335
424.005
424.563
426.762
422.073
423.845
422.333
421.978
424.182
429.844
429.288
430.549
427.378
429.281
422.492
420.122
422.243
422.465
421.985
422.426
422.439
420.872
422.582
421.981
422.13
426.856
426.829
422.935
429.832
430.595
430.166
430.238
426.225
425.709
429.893
424.418
429.79
422.307
421.664
422.366
421.525
423
422.679
422.354
422.042
421.42
419.41
430.333
431.225
423.744
423.788
427.396
424.371
422.767
422.28
423.023
422.403
422.937
420.22
421.493
422.311
422.358
422.64
421.005
411.264
430.582
430.342
423.096
420.711
422.439
422.347
425.609
423.01
427.073
425.484
424.522
426.752
429.475
428.065
425.412
421.92
422.289
422.303
422.039
421.632
419.847
422.11
417.339
422.64
422.704
430.543
427.742
425.436
424.456
422.775
422.349
423.003
419.278
422.572
422.315
422.889
421.512
429.934
425.206
424.291
425.234
421.642
428.411
423.954
422.377
422.591
422.425
421.396
422.499
422.605
419.763
419.402
421.228
421.688
421.615
420.058
422.658
422.542
421.951
421.401
422.387
422.69
420.412
422.735
421.961
422.737
421.933
422.371
421.269
422.594
422.626
422.792
422.633
419.938
424.458
424.551
421.839
422.69
421.951
423.352
421.638
422.697
424.458
423.029
423.708
423.522
422.472
422.121
423.708
423.158
421.186
423.128
423.342
419.327
422.308
422.809
422.272
420.999
420.749
422.673
424.839
422.834
419.121
418.522
425.608
420.79
421.38
422.679
422.748
419
427.323
429.519
422.149
424.959
425.753
424.731
425.063
423.936
425.926
422.664
427.493
425.033
421.786
422.993
420
420.173
419.938
422.022
422.998
421.904
423.034
428.361
420.562
421.217
422.477
422.644
422.769
421.995
421.822
420.143
422.5
422.703
423.773
423.547
421.481
424.183
426.617
421.494
420.638
420.535
423.181
421.814
420.838
422.94
423.2
425.145
423.523
424.035
421.542
420.894
421.062
426.469
406.358
407.629
424.978
419.484
415.666
395.796
396.682
403.29
401.547
419.477
419.119
420.863
423.616
420.855
422.471
425.657
422.936
413.41
419.489
422.85
427.455
422.442
411.063
413.269
408.808
400.579
399.777
405.741
410.288
402.579
407.48
419.204
422.222
415.24
415.694
415.959
407.941
402.058
411.527
416.327
412.839
413.215
420.996
416.384
421.721
422.863
421.275
420.746
416.474
414.653
416.14
415.622
416.298
418.58
416.837
419.138
415.51
415.889
419.27
422.113
414.113
416.159
415.897
415.926
416.513
417.736
422.593
419.638
423.498
422.464
412.642
415.83
416.956
423.02
414.363
416.794
415.331
402.234
394.847
402.965
422.791
411.729
412.713
421.821
422.603
421.042
417.298
415.697
416.222
416.001
413.666
416.223
420.447
421.298
421.701
421.103
421.04
421.601
421.438
421.881
413.625
419.453
418.828
421.734
422.055
422.971
416.061
415.526
416.549
416.634
416.577
422.696
420.432
422.662
424
423.397
422.735
421.799
421.379
420.942
421.98
420.306
422.66
420.687
416.397
416.602
411.437
372.805
416.408
419.978
419.528
421.012
421.971
379.537
398.55
416.079
416.339
414.701
422.236
422.054
422.614
419.722
422.076
409.107
422.155
415.303
421.985
421.843
421.384
