38.6536
94.957
110.769
142.268
187.536
266.622
367.898
406.796
406.734
408.92
410.18
411.076
411.645
411.068
411.481
411.377
410.984
409.392
369.989
397.749
395.168
393.067
391.927
393.211
392.81
393.07
392.716
392.921
398.732
405.848
406.901
407.094
407.558
403.884
405.631
373.149
369.102
393.727
394.556
394.552
395.147
395.739
393.517
394.205
394.502
393.464
396.167
394.479
394.432
394.123
395.5
394.488
393.475
390.663
391.158
391.213
387.83
390.866
389.238
391.145
382.7
386.978
389.532
389.782
396.996
398.09
389.603
395.948
396.428
396.838
391.229
396.287
395.879
395.032
