29.0944
87.4699
111.511
139.569
186.337
264.792
364.054
407.081
410.015
404.108
405.535
407.344
408.077
406.464
391.879
400.526
391.779
400.194
387.667
382.495
390.396
392.359
390.214
391.511
391.215
391.027
389.551
390.785
387.554
388.481
387.908
388.518
395.057
395.172
388.473
385.792
393.614
387.009
386.683
385.917
385.297
374.117
386.898
385.081
367.327
385.87
383.636
380.915
382.539
381.017
380.452
380.439
379.284
382.317
381.993
380.453
380.088
377.725
378.288
379.859
384.364
379.314
380.044
377.399
380.51
381.032
378.527
372.131
376.731
375.523
376.434
320.58
377.506
328.169
